99 12 0 1 2 3 4 5 6 7 8 9 10 11
229 12 0 1 2 3 4 5 6 7 8 9 10 11
231 12 0 1 2 3 4 5 6 7 8 9 10 11
261 12 0 1 2 3 4 5 6 7 8 9 10 11
391 12 0 1 2 3 4 5 6 7 8 9 10 11
445 12 0 1 2 3 4 5 6 7 8 9 10 11
473 12 0 1 2 3 4 5 6 7 8 9 10 11
511 12 0 1 2 3 4 5 6 7 8 9 10 11
539 12 0 1 2 3 4 5 6 7 8 9 10 11
583 12 0 1 2 3 4 5 6 7 8 9 10 11
781 12 0 1 2 3 4 5 6 7 8 9 10 11
839 12 0 1 2 3 4 5 6 7 8 9 10 11
923 12 0 1 2 3 4 5 6 7 8 9 10 11
947 12 0 1 2 3 4 5 6 7 8 9 10 11
987 12 0 1 2 3 4 5 6 7 8 9 10 11
999 12 0 1 2 3 4 5 6 7 8 9 10 11
1041 12 0 1 2 3 4 5 6 7 8 9 10 11
1047 12 0 1 2 3 4 5 6 7 8 9 10 11
1079 12 0 1 2 3 4 5 6 7 8 9 10 11
1111 12 0 1 2 3 4 5 6 7 8 9 10 11
1155 12 0 1 2 3 4 5 6 7 8 9 10 11
1185 12 0 1 2 3 4 5 6 7 8 9 10 11
1205 12 0 1 2 3 4 5 6 7 8 9 10 11
1287 12 0 1 2 3 4 5 6 7 8 9 10 11
1425 12 0 1 2 3 4 5 6 7 8 9 10 11
1439 12 0 1 2 3 4 5 6 7 8 9 10 11
1449 12 0 1 2 3 4 5 6 7 8 9 10 11
1479 12 0 1 2 3 4 5 6 7 8 9 10 11
1501 12 0 1 2 3 4 5 6 7 8 9 10 11
1511 12 0 1 2 3 4 5 6 7 8 9 10 11
1571 12 0 1 2 3 4 5 6 7 8 9 10 11
1579 12 0 1 2 3 4 5 6 7 8 9 10 11
1589 12 0 1 2 3 4 5 6 7 8 9 10 11
1649 12 0 1 2 3 4 5 6 7 8 9 10 11
1709 12 0 1 2 3 4 5 6 7 8 9 10 11
1739 12 0 1 2 3 4 5 6 7 8 9 10 11
1843 12 0 1 2 3 4 5 6 7 8 9 10 11
1857 12 0 1 2 3 4 5 6 7 8 9 10 11
1875 12 0 1 2 3 4 5 6 7 8 9 10 11
1933 12 0 1 2 3 4 5 6 7 8 9 10 11
2029 12 0 1 2 3 4 5 6 7 8 9 10 11
2063 12 0 1 2 3 4 5 6 7 8 9 10 11
2123 12 0 1 2 3 4 5 6 7 8 9 10 11
2163 12 0 1 2 3 4 5 6 7 8 9 10 11
2313 12 0 1 2 3 4 5 6 7 8 9 10 11
2315 12 0 1 2 3 4 5 6 7 8 9 10 11
2377 12 0 1 2 3 4 5 6 7 8 9 10 11
2447 12 0 1 2 3 4 5 6 7 8 9 10 11
2497 12 0 1 2 3 4 5 6 7 8 9 10 11
2527 12 0 1 2 3 4 5 6 7 8 9 10 11
2541 12 0 1 2 3 4 5 6 7 8 9 10 11
2557 12 0 1 2 3 4 5 6 7 8 9 10 11
2591 12 0 1 2 3 4 5 6 7 8 9 10 11
2611 12 0 1 2 3 4 5 6 7 8 9 10 11
2651 12 0 1 2 3 4 5 6 7 8 9 10 11
2663 12 0 1 2 3 4 5 6 7 8 9 10 11
2699 12 0 1 2 3 4 5 6 7 8 9 10 11
2717 12 0 1 2 3 4 5 6 7 8 9 10 11
2753 12 0 1 2 3 4 5 6 7 8 9 10 11
2757 12 0 1 2 3 4 5 6 7 8 9 10 11
2799 12 0 1 2 3 4 5 6 7 8 9 10 11
2817 12 0 1 2 3 4 5 6 7 8 9 10 11
2819 12 0 1 2 3 4 5 6 7 8 9 10 11
2853 12 0 1 2 3 4 5 6 7 8 9 10 11
2913 12 0 1 2 3 4 5 6 7 8 9 10 11
2923 12 0 1 2 3 4 5 6 7 8 9 10 11
3031 12 0 1 2 3 4 5 6 7 8 9 10 11
3053 12 0 1 2 3 4 5 6 7 8 9 10 11
3103 12 0 1 2 3 4 5 6 7 8 9 10 11
3121 12 0 1 2 3 4 5 6 7 8 9 10 11
3351 12 0 1 2 3 4 5 6 7 8 9 10 11
3353 12 0 1 2 3 4 5 6 7 8 9 10 11
3449 12 0 1 2 3 4 5 6 7 8 9 10 11
3475 12 0 1 2 3 4 5 6 7 8 9 10 11
3477 12 0 1 2 3 4 5 6 7 8 9 10 11
3491 12 0 1 2 3 4 5 6 7 8 9 10 11
3493 12 0 1 2 3 4 5 6 7 8 9 10 11
3515 12 0 1 2 3 4 5 6 7 8 9 10 11
3523 12 0 1 2 3 4 5 6 7 8 9 10 11
3577 12 0 1 2 3 4 5 6 7 8 9 10 11
3579 12 0 1 2 3 4 5 6 7 8 9 10 11
3649 12 0 1 2 3 4 5 6 7 8 9 10 11
3967 12 0 1 2 3 4 5 6 7 8 9 10 11
3995 12 0 1 2 3 4 5 6 7 8 9 10 11
4011 12 0 1 2 3 4 5 6 7 8 9 10 11
4019 12 0 1 2 3 4 5 6 7 8 9 10 11
4021 12 0 1 2 3 4 5 6 7 8 9 10 11
4043 12 0 1 2 3 4 5 6 7 8 9 10 11
4073 12 0 1 2 3 4 5 6 7 8 9 10 11
4085 12 0 1 2 3 4 5 6 7 8 9 10 11
4171 12 0 1 2 3 4 5 6 7 8 9 10 11
4279 12 0 1 2 3 4 5 6 7 8 9 10 11
4359 12 0 1 2 3 4 5 6 7 8 9 10 11
4391 12 0 1 2 3 4 5 6 7 8 9 10 11
4411 12 0 1 2 3 4 5 6 7 8 9 10 11
4415 12 0 1 2 3 4 5 6 7 8 9 10 11
4519 12 0 1 2 3 4 5 6 7 8 9 10 11
4589 12 0 1 2 3 4 5 6 7 8 9 10 11
4593 12 0 1 2 3 4 5 6 7 8 9 10 11
4601 12 0 1 2 3 4 5 6 7 8 9 10 11
4613 12 0 1 2 3 4 5 6 7 8 9 10 11
4633 12 0 1 2 3 4 5 6 7 8 9 10 11
4671 12 0 1 2 3 4 5 6 7 8 9 10 11
4699 12 0 1 2 3 4 5 6 7 8 9 10 11
4733 12 0 1 2 3 4 5 6 7 8 9 10 11
4739 12 0 1 2 3 4 5 6 7 8 9 10 11
4781 12 0 1 2 3 4 5 6 7 8 9 10 11
4799 12 0 1 2 3 4 5 6 7 8 9 10 11
4841 12 0 1 2 3 4 5 6 7 8 9 10 11
4875 12 0 1 2 3 4 5 6 7 8 9 10 11
4973 12 0 1 2 3 4 5 6 7 8 9 10 11
5113 12 0 1 2 3 4 5 6 7 8 9 10 11
5151 12 0 1 2 3 4 5 6 7 8 9 10 11
5193 12 0 1 2 3 4 5 6 7 8 9 10 11
5231 12 0 1 2 3 4 5 6 7 8 9 10 11
5245 12 0 1 2 3 4 5 6 7 8 9 10 11
5255 12 0 1 2 3 4 5 6 7 8 9 10 11
5267 12 0 1 2 3 4 5 6 7 8 9 10 11
5269 12 0 1 2 3 4 5 6 7 8 9 10 11
5447 12 0 1 2 3 4 5 6 7 8 9 10 11
5473 12 0 1 2 3 4 5 6 7 8 9 10 11
5625 12 0 1 2 3 4 5 6 7 8 9 10 11
5647 12 0 1 2 3 4 5 6 7 8 9 10 11
5871 12 0 1 2 3 4 5 6 7 8 9 10 11
5973 12 0 1 2 3 4 5 6 7 8 9 10 11
6041 12 0 1 2 3 4 5 6 7 8 9 10 11
6087 12 0 1 2 3 4 5 6 7 8 9 10 11
6221 12 0 1 2 3 4 5 6 7 8 9 10 11
6227 12 0 1 2 3 4 5 6 7 8 9 10 11
6339 12 0 1 2 3 4 5 6 7 8 9 10 11
6349 12 0 1 2 3 4 5 6 7 8 9 10 11
6353 12 0 1 2 3 4 5 6 7 8 9 10 11
6391 12 0 1 2 3 4 5 6 7 8 9 10 11
6395 12 0 1 2 3 4 5 6 7 8 9 10 11
6419 12 0 1 2 3 4 5 6 7 8 9 10 11
6431 12 0 1 2 3 4 5 6 7 8 9 10 11
6475 12 0 1 2 3 4 5 6 7 8 9 10 11
6497 12 0 1 2 3 4 5 6 7 8 9 10 11
6505 12 0 1 2 3 4 5 6 7 8 9 10 11
6553 12 0 1 2 3 4 5 6 7 8 9 10 11
6571 12 0 1 2 3 4 5 6 7 8 9 10 11
6593 12 0 1 2 3 4 5 6 7 8 9 10 11
6641 12 0 1 2 3 4 5 6 7 8 9 10 11
6665 12 0 1 2 3 4 5 6 7 8 9 10 11
6689 12 0 1 2 3 4 5 6 7 8 9 10 11
6733 12 0 1 2 3 4 5 6 7 8 9 10 11
6853 12 0 1 2 3 4 5 6 7 8 9 10 11
6889 12 0 1 2 3 4 5 6 7 8 9 10 11
6919 12 0 1 2 3 4 5 6 7 8 9 10 11
7063 12 0 1 2 3 4 5 6 7 8 9 10 11
7241 12 0 1 2 3 4 5 6 7 8 9 10 11
7249 12 0 1 2 3 4 5 6 7 8 9 10 11
7259 12 0 1 2 3 4 5 6 7 8 9 10 11
7381 12 0 1 2 3 4 5 6 7 8 9 10 11
7513 12 0 1 2 3 4 5 6 7 8 9 10 11
7601 12 0 1 2 3 4 5 6 7 8 9 10 11
7751 12 0 1 2 3 4 5 6 7 8 9 10 11
7845 12 0 1 2 3 4 5 6 7 8 9 10 11
7961 12 0 1 2 3 4 5 6 7 8 9 10 11
7979 12 0 1 2 3 4 5 6 7 8 9 10 11
7987 12 0 1 2 3 4 5 6 7 8 9 10 11
8049 12 0 1 2 3 4 5 6 7 8 9 10 11
8059 12 0 1 2 3 4 5 6 7 8 9 10 11
8073 12 0 1 2 3 4 5 6 7 8 9 10 11
8091 12 0 1 2 3 4 5 6 7 8 9 10 11
8159 12 0 1 2 3 4 5 6 7 8 9 10 11
8191 12 0 1 2 3 4 5 6 7 8 9 10 11
8193 12 0 1 2 3 4 5 6 7 8 9 10 11
8205 12 0 1 2 3 4 5 6 7 8 9 10 11
8261 12 0 1 2 3 4 5 6 7 8 9 10 11
8351 12 0 1 2 3 4 5 6 7 8 9 10 11
8443 12 0 1 2 3 4 5 6 7 8 9 10 11
8453 12 0 1 2 3 4 5 6 7 8 9 10 11
8493 12 0 1 2 3 4 5 6 7 8 9 10 11
8501 12 0 1 2 3 4 5 6 7 8 9 10 11
8535 12 0 1 2 3 4 5 6 7 8 9 10 11
8547 12 0 1 2 3 4 5 6 7 8 9 10 11
8565 12 0 1 2 3 4 5 6 7 8 9 10 11
8585 12 0 1 2 3 4 5 6 7 8 9 10 11
8619 12 0 1 2 3 4 5 6 7 8 9 10 11
8813 12 0 1 2 3 4 5 6 7 8 9 10 11
8905 12 0 1 2 3 4 5 6 7 8 9 10 11
8997 12 0 1 2 3 4 5 6 7 8 9 10 11
9109 12 0 1 2 3 4 5 6 7 8 9 10 11
9137 12 0 1 2 3 4 5 6 7 8 9 10 11
9159 12 0 1 2 3 4 5 6 7 8 9 10 11
9169 12 0 1 2 3 4 5 6 7 8 9 10 11
9177 12 0 1 2 3 4 5 6 7 8 9 10 11
9215 12 0 1 2 3 4 5 6 7 8 9 10 11
9345 12 0 1 2 3 4 5 6 7 8 9 10 11
9363 12 0 1 2 3 4 5 6 7 8 9 10 11
9413 12 0 1 2 3 4 5 6 7 8 9 10 11
9491 12 0 1 2 3 4 5 6 7 8 9 10 11
9523 12 0 1 2 3 4 5 6 7 8 9 10 11
9545 12 0 1 2 3 4 5 6 7 8 9 10 11
9703 12 0 1 2 3 4 5 6 7 8 9 10 11
9739 12 0 1 2 3 4 5 6 7 8 9 10 11
9747 12 0 1 2 3 4 5 6 7 8 9 10 11
9751 12 0 1 2 3 4 5 6 7 8 9 10 11
9813 12 0 1 2 3 4 5 6 7 8 9 10 11
9829 12 0 1 2 3 4 5 6 7 8 9 10 11
9863 12 0 1 2 3 4 5 6 7 8 9 10 11
9891 12 0 1 2 3 4 5 6 7 8 9 10 11
9917 12 0 1 2 3 4 5 6 7 8 9 10 11
9949 12 0 1 2 3 4 5 6 7 8 9 10 11
10053 12 0 1 2 3 4 5 6 7 8 9 10 11
10079 12 0 1 2 3 4 5 6 7 8 9 10 11
10089 12 0 1 2 3 4 5 6 7 8 9 10 11
10091 12 0 1 2 3 4 5 6 7 8 9 10 11
10093 12 0 1 2 3 4 5 6 7 8 9 10 11
10101 12 0 1 2 3 4 5 6 7 8 9 10 11
10117 12 0 1 2 3 4 5 6 7 8 9 10 11
10129 12 0 1 2 3 4 5 6 7 8 9 10 11
10149 12 0 1 2 3 4 5 6 7 8 9 10 11
10175 12 0 1 2 3 4 5 6 7 8 9 10 11
10201 12 0 1 2 3 4 5 6 7 8 9 10 11
10219 12 0 1 2 3 4 5 6 7 8 9 10 11
10297 12 0 1 2 3 4 5 6 7 8 9 10 11
10373 12 0 1 2 3 4 5 6 7 8 9 10 11
10519 12 0 1 2 3 4 5 6 7 8 9 10 11
10539 12 0 1 2 3 4 5 6 7 8 9 10 11
10629 12 0 1 2 3 4 5 6 7 8 9 10 11
10633 12 0 1 2 3 4 5 6 7 8 9 10 11
10637 12 0 1 2 3 4 5 6 7 8 9 10 11
10689 12 0 1 2 3 4 5 6 7 8 9 10 11
10721 12 0 1 2 3 4 5 6 7 8 9 10 11
10745 12 0 1 2 3 4 5 6 7 8 9 10 11
10863 12 0 1 2 3 4 5 6 7 8 9 10 11
10865 12 0 1 2 3 4 5 6 7 8 9 10 11
10967 12 0 1 2 3 4 5 6 7 8 9 10 11
10995 12 0 1 2 3 4 5 6 7 8 9 10 11
11007 12 0 1 2 3 4 5 6 7 8 9 10 11
11037 12 0 1 2 3 4 5 6 7 8 9 10 11
393 8 1 2 3 4 5 6 7 8
799 8 1 2 3 4 5 6 7 8
1081 8 1 2 3 4 5 6 7 8
1781 8 1 2 3 4 5 6 7 8
1915 8 1 2 3 4 5 6 7 8
3917 8 1 2 3 4 5 6 7 8
4561 8 1 2 3 4 5 6 7 8
4631 8 1 2 3 4 5 6 7 8
9923 8 1 2 3 4 5 6 7 8
10031 8 1 2 3 4 5 6 7 8
10529 8 1 2 3 4 5 6 7 8
10657 8 1 2 3 4 5 6 7 8
10899 8 1 2 3 4 5 6 7 8
11017 8 1 2 3 4 5 6 7 8
203 2 2 3
575 2 2 3
791 2 2 3
837 2 2 3
885 2 2 3
1245 2 2 3
1365 2 2 3
2177 2 2 3
2577 2 2 3
2645 2 2 3
3199 2 2 3
3549 2 2 3
4459 2 2 3
4845 2 2 3
5183 2 2 3
5219 2 2 3
6913 2 2 3
7285 2 2 3
7575 2 2 3
8027 2 2 3
8267 2 2 3
9069 2 2 3
9131 2 2 3
9359 2 2 3
10351 2 2 3
10465 2 2 3
10741 2 2 3
1221 1 3
1269 1 3
1615 1 3
1839 1 3
1873 1 3
2127 1 3
2515 1 3
3021 1 3
3853 1 3
4143 1 3
4423 1 3
4757 1 3
4979 1 3
5875 1 3
5915 1 3
5931 1 3
6105 1 3
6135 1 3
6273 1 3
6293 1 3
6405 1 3
6693 1 3
6741 1 3
6915 1 3
6989 1 3
7515 1 3
7579 1 3
8039 1 3
8347 1 3
8935 1 3
9013 1 3
9299 1 3
9411 1 3
35 1 4
205 1 4
547 1 4
597 1 4
991 1 4
1201 1 4
1297 1 4
1433 1 4
1453 1 4
1455 1 4
1459 1 4
1733 1 4
1811 1 4
2015 1 4
2141 1 4
2723 1 4
3045 1 4
3273 1 4
3459 1 4
3545 1 4
4009 1 4
4057 1 4
4611 1 4
4705 1 4
4777 1 4
4893 1 4
4931 1 4
5101 1 4
5173 1 4
5199 1 4
5301 1 4
5345 1 4
5377 1 4
5383 1 4
5387 1 4
5629 1 4
6091 1 4
6401 1 4
6591 1 4
6785 1 4
6833 1 4
6871 1 4
6977 1 4
7027 1 4
7277 1 4
7419 1 4
7507 1 4
7519 1 4
7605 1 4
7627 1 4
7743 1 4
8287 1 4
8427 1 4
8785 1 4
8799 1 4
8801 1 4
8815 1 4
8899 1 4
9065 1 4
9143 1 4
9379 1 4
9475 1 4
9597 1 4
9695 1 4
9839 1 4
9903 1 4
9959 1 4
10245 1 4
10287 1 4
10315 1 4
10693 1 4
10781 1 4
10833 1 4
10999 1 4
71 4 5 6 7 8
637 4 5 6 7 8
795 4 5 6 7 8
829 4 5 6 7 8
895 4 5 6 7 8
1289 4 5 6 7 8
1475 4 5 6 7 8
1961 4 5 6 7 8
2103 4 5 6 7 8
2133 4 5 6 7 8
2201 4 5 6 7 8
2869 4 5 6 7 8
3305 4 5 6 7 8
3763 4 5 6 7 8
4297 4 5 6 7 8
4361 4 5 6 7 8
4933 4 5 6 7 8
6521 4 5 6 7 8
6525 4 5 6 7 8
7231 4 5 6 7 8
7833 4 5 6 7 8
8089 4 5 6 7 8
8101 4 5 6 7 8
8831 4 5 6 7 8
9227 4 5 6 7 8
9297 4 5 6 7 8
9349 4 5 6 7 8
9567 4 5 6 7 8
10135 4 5 6 7 8
123 1 6
301 1 6
861 1 6
863 1 6
1073 1 6
1133 1 6
1235 1 6
1241 1 6
1305 1 6
1369 1 6
1735 1 6
1893 1 6
2455 1 6
2501 1 6
2691 1 6
2891 1 6
3165 1 6
3749 1 6
3801 1 6
4069 1 6
4559 1 6
4993 1 6
5207 1 6
5277 1 6
5617 1 6
5677 1 6
5809 1 6
5919 1 6
5959 1 6
6033 1 6
6569 1 6
6671 1 6
6743 1 6
7225 1 6
7345 1 6
7643 1 6
7863 1 6
7917 1 6
7943 1 6
8429 1 6
8623 1 6
8791 1 6
8827 1 6
9511 1 6
10875 1 6
11051 1 6
43 1 7
109 1 7
171 1 7
341 1 7
529 1 7
571 1 7
725 1 7
823 1 7
911 1 7
973 1 7
1045 1 7
1169 1 7
1173 1 7
1229 1 7
1247 1 7
1249 1 7
1367 1 7
1577 1 7
1605 1 7
1705 1 7
1761 1 7
1809 1 7
1813 1 7
1819 1 7
1867 1 7
1921 1 7
1999 1 7
2547 1 7
2731 1 7
2829 1 7
3057 1 7
3159 1 7
3289 1 7
3741 1 7
3859 1 7
3965 1 7
4125 1 7
4149 1 7
4321 1 7
4431 1 7
4727 1 7
4769 1 7
5131 1 7
5713 1 7
6025 1 7
6027 1 7
6111 1 7
6125 1 7
6359 1 7
6413 1 7
6761 1 7
6779 1 7
6787 1 7
6815 1 7
6879 1 7
7221 1 7
7299 1 7
8023 1 7
8143 1 7
8713 1 7
8775 1 7
9093 1 7
9115 1 7
9121 1 7
9149 1 7
9343 1 7
9685 1 7
9735 1 7
9883 1 7
9899 1 7
10097 1 7
10123 1 7
10213 1 7
10827 1 7
241 1 8
389 1 8
633 1 8
831 1 8
1409 1 8
1429 1 8
1611 1 8
2327 1 8
2697 1 8
2879 1 8
3767 1 8
3815 1 8
4461 1 8
4965 1 8
5777 1 8
5925 1 8
5993 1 8
6605 1 8
6829 1 8
6841 1 8
7523 1 8
8281 1 8
8327 1 8
9849 1 8
9921 1 8
11011 1 8
153 1 9
859 1 9
1145 1 9
1281 1 9
1629 1 9
1631 1 9
1661 1 9
2111 1 9
2159 1 9
2507 1 9
2709 1 9
2769 1 9
2845 1 9
3345 1 9
3463 1 9
3731 1 9
3945 1 9
4217 1 9
4335 1 9
4925 1 9
5597 1 9
5709 1 9
5723 1 9
5907 1 9
6709 1 9
7163 1 9
7301 1 9
8169 1 9
8289 1 9
8319 1 9
8433 1 9
8437 1 9
8739 1 9
9815 1 9
9889 1 9
9967 1 9
10173 1 9
10195 1 9
10285 1 9
10533 1 9
10701 1 9
91 2 10 11
271 2 10 11
485 2 10 11
673 2 10 11
1415 2 10 11
2167 2 10 11
2215 2 10 11
2451 2 10 11
2585 2 10 11
2627 2 10 11
2719 2 10 11
3037 2 10 11
3083 2 10 11
3467 2 10 11
4241 2 10 11
4545 2 10 11
4951 2 10 11
5157 2 10 11
5315 2 10 11
5495 2 10 11
5735 2 10 11
5933 2 10 11
5939 2 10 11
5983 2 10 11
6331 2 10 11
6863 2 10 11
6887 2 10 11
7533 2 10 11
7665 2 10 11
7671 2 10 11
7955 2 10 11
8507 2 10 11
8577 2 10 11
8607 2 10 11
8765 2 10 11
8805 2 10 11
9167 2 10 11
9353 2 10 11
9483 2 10 11
10191 2 10 11
10345 2 10 11
10505 2 10 11
10655 2 10 11
10695 2 10 11
10855 2 10 11
10871 2 10 11
57 1 11
225 1 11
263 1 11
413 1 11
611 1 11
1359 1 11
1463 1 11
1711 1 11
1831 1 11
1855 1 11
4273 1 11
4365 1 11
4477 1 11
4577 1 11
5141 1 11
5531 1 11
6281 1 11
6355 1 11
6443 1 11
6543 1 11
6677 1 11
6905 1 11
7055 1 11
7273 1 11
7741 1 11
7895 1 11
8257 1 11
8305 1 11
8345 1 11
8711 1 11
9387 1 11
9825 1 11
10159 1 11
10349 1 11
10515 1 11
10813 1 11
143 6 12 13 14 15 16 17
145 6 12 13 14 15 16 17
293 6 12 13 14 15 16 17
811 6 12 13 14 15 16 17
977 6 12 13 14 15 16 17
1239 6 12 13 14 15 16 17
1293 6 12 13 14 15 16 17
1593 6 12 13 14 15 16 17
1597 6 12 13 14 15 16 17
1669 6 12 13 14 15 16 17
1789 6 12 13 14 15 16 17
2059 6 12 13 14 15 16 17
2477 6 12 13 14 15 16 17
2969 6 12 13 14 15 16 17
3061 6 12 13 14 15 16 17
4015 6 12 13 14 15 16 17
4161 6 12 13 14 15 16 17
4185 6 12 13 14 15 16 17
4249 6 12 13 14 15 16 17
4617 6 12 13 14 15 16 17
4707 6 12 13 14 15 16 17
4911 6 12 13 14 15 16 17
4981 6 12 13 14 15 16 17
5427 6 12 13 14 15 16 17
5475 6 12 13 14 15 16 17
5751 6 12 13 14 15 16 17
5951 6 12 13 14 15 16 17
6089 6 12 13 14 15 16 17
6373 6 12 13 14 15 16 17
6427 6 12 13 14 15 16 17
6839 6 12 13 14 15 16 17
7115 6 12 13 14 15 16 17
7375 6 12 13 14 15 16 17
7557 6 12 13 14 15 16 17
7607 6 12 13 14 15 16 17
8221 6 12 13 14 15 16 17
8993 6 12 13 14 15 16 17
9165 6 12 13 14 15 16 17
9365 6 12 13 14 15 16 17
9369 6 12 13 14 15 16 17
9489 6 12 13 14 15 16 17
9819 6 12 13 14 15 16 17
9847 6 12 13 14 15 16 17
10317 6 12 13 14 15 16 17
10361 6 12 13 14 15 16 17
10431 6 12 13 14 15 16 17
10587 6 12 13 14 15 16 17
10669 6 12 13 14 15 16 17
10697 6 12 13 14 15 16 17
10725 6 12 13 14 15 16 17
135 1 13
211 1 13
397 1 13
561 1 13
625 1 13
647 1 13
877 1 13
907 1 13
953 1 13
1097 1 13
1261 1 13
1313 1 13
1343 1 13
1411 1 13
1465 1 13
1635 1 13
1643 1 13
1697 1 13
1829 1 13
1905 1 13
1927 1 13
2011 1 13
2049 1 13
2051 1 13
2195 1 13
2379 1 13
2437 1 13
2505 1 13
2593 1 13
2711 1 13
2773 1 13
2781 1 13
2787 1 13
2843 1 13
2995 1 13
3317 1 13
3333 1 13
3365 1 13
3513 1 13
3683 1 13
3857 1 13
4153 1 13
4183 1 13
4523 1 13
4711 1 13
4715 1 13
4775 1 13
5155 1 13
5313 1 13
5385 1 13
5595 1 13
5893 1 13
5895 1 13
5963 1 13
6103 1 13
6199 1 13
6243 1 13
6303 1 13
6433 1 13
6507 1 13
6527 1 13
6557 1 13
6565 1 13
6597 1 13
6657 1 13
6813 1 13
6931 1 13
6939 1 13
6943 1 13
7029 1 13
7161 1 13
7203 1 13
7205 1 13
7223 1 13
7349 1 13
7691 1 13
7853 1 13
8033 1 13
8071 1 13
8079 1 13
8109 1 13
8255 1 13
8303 1 13
8409 1 13
8497 1 13
8521 1 13
8539 1 13
8543 1 13
8575 1 13
8631 1 13
8673 1 13
8755 1 13
8807 1 13
8909 1 13
8945 1 13
8949 1 13
9203 1 13
9377 1 13
9391 1 13
9439 1 13
10065 1 13
10113 1 13
10127 1 13
10233 1 13
10243 1 13
10251 1 13
10311 1 13
10321 1 13
10487 1 13
10493 1 13
10495 1 13
10541 1 13
10605 1 13
10661 1 13
10715 1 13
10823 1 13
10981 1 13
75 4 14 15 16 17
411 4 14 15 16 17
453 4 14 15 16 17
639 4 14 15 16 17
665 4 14 15 16 17
993 4 14 15 16 17
1005 4 14 15 16 17
1199 4 14 15 16 17
1849 4 14 15 16 17
1891 4 14 15 16 17
2035 4 14 15 16 17
2165 4 14 15 16 17
2301 4 14 15 16 17
2397 4 14 15 16 17
2715 4 14 15 16 17
2877 4 14 15 16 17
3291 4 14 15 16 17
3361 4 14 15 16 17
3881 4 14 15 16 17
4053 4 14 15 16 17
4113 4 14 15 16 17
4169 4 14 15 16 17
4267 4 14 15 16 17
4657 4 14 15 16 17
4725 4 14 15 16 17
5303 4 14 15 16 17
5445 4 14 15 16 17
5537 4 14 15 16 17
5881 4 14 15 16 17
5981 4 14 15 16 17
6343 4 14 15 16 17
6867 4 14 15 16 17
6925 4 14 15 16 17
7001 4 14 15 16 17
7271 4 14 15 16 17
7405 4 14 15 16 17
7847 4 14 15 16 17
7985 4 14 15 16 17
8105 4 14 15 16 17
8369 4 14 15 16 17
8629 4 14 15 16 17
8969 4 14 15 16 17
9033 4 14 15 16 17
9099 4 14 15 16 17
9217 4 14 15 16 17
9971 4 14 15 16 17
10177 4 14 15 16 17
10189 4 14 15 16 17
10369 4 14 15 16 17
10389 4 14 15 16 17
10869 4 14 15 16 17
437 2 15 16
521 2 15 16
645 2 15 16
1373 2 15 16
4797 2 15 16
5221 2 15 16
7067 2 15 16
8457 2 15 16
9061 2 15 16
10735 2 15 16
1703 1 16
1877 1 16
4751 1 16
4889 1 16
10087 1 16
491 1 17
525 1 17
707 1 17
963 1 17
1159 1 17
1823 1 17
2391 1 17
2523 1 17
2673 1 17
2695 1 17
2789 1 17
3007 1 17
3047 1 17
3161 1 17
3817 1 17
3979 1 17
4421 1 17
4445 1 17
4863 1 17
5369 1 17
5371 1 17
5469 1 17
6551 1 17
7209 1 17
7215 1 17
7823 1 17
7837 1 17
8237 1 17
8477 1 17
9479 1 17
10705 1 17
10925 1 17
11005 1 17
201 5 18 19 20 21 22
253 5 18 19 20 21 22
421 5 18 19 20 21 22
501 5 18 19 20 21 22
545 5 18 19 20 21 22
549 5 18 19 20 21 22
761 5 18 19 20 21 22
785 5 18 19 20 21 22
853 5 18 19 20 21 22
917 5 18 19 20 21 22
941 5 18 19 20 21 22
995 5 18 19 20 21 22
1123 5 18 19 20 21 22
1125 5 18 19 20 21 22
1157 5 18 19 20 21 22
1339 5 18 19 20 21 22
1345 5 18 19 20 21 22
1403 5 18 19 20 21 22
1563 5 18 19 20 21 22
1601 5 18 19 20 21 22
2043 5 18 19 20 21 22
2401 5 18 19 20 21 22
2461 5 18 19 20 21 22
2539 5 18 19 20 21 22
2555 5 18 19 20 21 22
2559 5 18 19 20 21 22
2569 5 18 19 20 21 22
2871 5 18 19 20 21 22
2897 5 18 19 20 21 22
2899 5 18 19 20 21 22
3011 5 18 19 20 21 22
3163 5 18 19 20 21 22
3327 5 18 19 20 21 22
3481 5 18 19 20 21 22
3505 5 18 19 20 21 22
3735 5 18 19 20 21 22
3775 5 18 19 20 21 22
4181 5 18 19 20 21 22
4239 5 18 19 20 21 22
4419 5 18 19 20 21 22
4451 5 18 19 20 21 22
4539 5 18 19 20 21 22
4597 5 18 19 20 21 22
4615 5 18 19 20 21 22
4805 5 18 19 20 21 22
4847 5 18 19 20 21 22
4849 5 18 19 20 21 22
4971 5 18 19 20 21 22
5079 5 18 19 20 21 22
5109 5 18 19 20 21 22
5149 5 18 19 20 21 22
5241 5 18 19 20 21 22
5479 5 18 19 20 21 22
5701 5 18 19 20 21 22
5733 5 18 19 20 21 22
5737 5 18 19 20 21 22
5869 5 18 19 20 21 22
5945 5 18 19 20 21 22
5965 5 18 19 20 21 22
6231 5 18 19 20 21 22
6365 5 18 19 20 21 22
6411 5 18 19 20 21 22
6535 5 18 19 20 21 22
6675 5 18 19 20 21 22
6735 5 18 19 20 21 22
6753 5 18 19 20 21 22
6777 5 18 19 20 21 22
6941 5 18 19 20 21 22
7007 5 18 19 20 21 22
7037 5 18 19 20 21 22
7245 5 18 19 20 21 22
7269 5 18 19 20 21 22
7359 5 18 19 20 21 22
7423 5 18 19 20 21 22
7555 5 18 19 20 21 22
7593 5 18 19 20 21 22
7647 5 18 19 20 21 22
7707 5 18 19 20 21 22
7717 5 18 19 20 21 22
7725 5 18 19 20 21 22
8001 5 18 19 20 21 22
8009 5 18 19 20 21 22
8065 5 18 19 20 21 22
8085 5 18 19 20 21 22
8145 5 18 19 20 21 22
8225 5 18 19 20 21 22
8239 5 18 19 20 21 22
8415 5 18 19 20 21 22
8425 5 18 19 20 21 22
8763 5 18 19 20 21 22
8917 5 18 19 20 21 22
9105 5 18 19 20 21 22
9127 5 18 19 20 21 22
9323 5 18 19 20 21 22
9851 5 18 19 20 21 22
9939 5 18 19 20 21 22
10133 5 18 19 20 21 22
10407 5 18 19 20 21 22
10471 5 18 19 20 21 22
10477 5 18 19 20 21 22
10525 5 18 19 20 21 22
10679 5 18 19 20 21 22
10699 5 18 19 20 21 22
10711 5 18 19 20 21 22
10791 5 18 19 20 21 22
10983 5 18 19 20 21 22
289 1 19
3849 1 19
3961 1 19
4047 1 19
4145 1 19
4879 1 19
5119 1 19
6263 1 19
6849 1 19
7583 1 19
9221 1 19
10047 1 19
139 3 20 21 22
2517 3 20 21 22
4819 3 20 21 22
6809 3 20 21 22
9313 3 20 21 22
10217 3 20 21 22
2007 1 21
3127 1 21
5611 1 21
5725 1 21
6047 1 21
8907 1 21
10029 1 21
239 1 22
573 1 22
617 1 22
833 1 22
943 1 22
1171 1 22
1637 1 22
1751 1 22
2095 1 22
2193 1 22
2331 1 22
3135 1 22
3181 1 22
3363 1 22
3541 1 22
3555 1 22
3847 1 22
4013 1 22
4173 1 22
4625 1 22
4681 1 22
4939 1 22
5229 1 22
5693 1 22
5953 1 22
6037 1 22
6115 1 22
6215 1 22
6301 1 22
6561 1 22
6579 1 22
7031 1 22
7167 1 22
7191 1 22
7211 1 22
7247 1 22
7279 1 22
7561 1 22
7619 1 22
7703 1 22
7927 1 22
8123 1 22
8777 1 22
9067 1 22
9383 1 22
9573 1 22
9713 1 22
10309 1 22
10589 1 22
10783 1 22
10943 1 22
193 11 23 24 25 26 27 28 29 30 31 32 33
821 11 23 24 25 26 27 28 29 30 31 32 33
1259 11 23 24 25 26 27 28 29 30 31 32 33
1743 11 23 24 25 26 27 28 29 30 31 32 33
1959 11 23 24 25 26 27 28 29 30 31 32 33
2329 11 23 24 25 26 27 28 29 30 31 32 33
2337 11 23 24 25 26 27 28 29 30 31 32 33
2407 11 23 24 25 26 27 28 29 30 31 32 33
3303 11 23 24 25 26 27 28 29 30 31 32 33
3653 11 23 24 25 26 27 28 29 30 31 32 33
3771 11 23 24 25 26 27 28 29 30 31 32 33
5095 11 23 24 25 26 27 28 29 30 31 32 33
5133 11 23 24 25 26 27 28 29 30 31 32 33
5573 11 23 24 25 26 27 28 29 30 31 32 33
5637 11 23 24 25 26 27 28 29 30 31 32 33
5675 11 23 24 25 26 27 28 29 30 31 32 33
5909 11 23 24 25 26 27 28 29 30 31 32 33
6509 11 23 24 25 26 27 28 29 30 31 32 33
6585 11 23 24 25 26 27 28 29 30 31 32 33
6707 11 23 24 25 26 27 28 29 30 31 32 33
6981 11 23 24 25 26 27 28 29 30 31 32 33
7281 11 23 24 25 26 27 28 29 30 31 32 33
7543 11 23 24 25 26 27 28 29 30 31 32 33
8115 11 23 24 25 26 27 28 29 30 31 32 33
8183 11 23 24 25 26 27 28 29 30 31 32 33
8323 11 23 24 25 26 27 28 29 30 31 32 33
8531 11 23 24 25 26 27 28 29 30 31 32 33
8903 11 23 24 25 26 27 28 29 30 31 32 33
9375 11 23 24 25 26 27 28 29 30 31 32 33
9527 11 23 24 25 26 27 28 29 30 31 32 33
9553 11 23 24 25 26 27 28 29 30 31 32 33
9575 11 23 24 25 26 27 28 29 30 31 32 33
9645 11 23 24 25 26 27 28 29 30 31 32 33
9761 11 23 24 25 26 27 28 29 30 31 32 33
10045 11 23 24 25 26 27 28 29 30 31 32 33
10263 11 23 24 25 26 27 28 29 30 31 32 33
10859 11 23 24 25 26 27 28 29 30 31 32 33
10941 11 23 24 25 26 27 28 29 30 31 32 33
10955 11 23 24 25 26 27 28 29 30 31 32 33
323 5 24 25 26 27 28
767 5 24 25 26 27 28
1327 5 24 25 26 27 28
1519 5 24 25 26 27 28
2173 5 24 25 26 27 28
2203 5 24 25 26 27 28
3189 5 24 25 26 27 28
4761 5 24 25 26 27 28
4901 5 24 25 26 27 28
5347 5 24 25 26 27 28
5413 5 24 25 26 27 28
6523 5 24 25 26 27 28
6869 5 24 25 26 27 28
7365 5 24 25 26 27 28
7535 5 24 25 26 27 28
7571 5 24 25 26 27 28
7931 5 24 25 26 27 28
8317 5 24 25 26 27 28
8999 5 24 25 26 27 28
10401 5 24 25 26 27 28
10489 5 24 25 26 27 28
10717 5 24 25 26 27 28
161 1 25
251 1 25
519 1 25
599 1 25
1105 1 25
1397 1 25
1483 1 25
1489 1 25
2309 1 25
2733 1 25
2851 1 25
3369 1 25
3603 1 25
4135 1 25
4663 1 25
5159 1 25
6917 1 25
7065 1 25
7253 1 25
7687 1 25
7759 1 25
8445 1 25
8593 1 25
9091 1 25
10281 1 25
10305 1 25
10517 1 25
115 1 26
159 1 26
335 1 26
489 1 26
769 1 26
787 1 26
939 1 26
1015 1 26
1279 1 26
1505 1 26
2061 1 26
2419 1 26
2543 1 26
2551 1 26
2587 1 26
2595 1 26
2809 1 26
2815 1 26
3051 1 26
3205 1 26
3281 1 26
3285 1 26
3321 1 26
3673 1 26
3809 1 26
3959 1 26
4091 1 26
4105 1 26
4609 1 26
4745 1 26
4755 1 26
4873 1 26
5197 1 26
5509 1 26
5569 1 26
5601 1 26
5979 1 26
6247 1 26
6487 1 26
6781 1 26
7045 1 26
7129 1 26
7639 1 26
7883 1 26
8011 1 26
8077 1 26
8197 1 26
8737 1 26
9059 1 26
9729 1 26
9767 1 26
10185 1 26
10255 1 26
10265 1 26
10435 1 26
10447 1 26
10527 1 26
10543 1 26
10683 1 26
10719 1 26
10747 1 26
11001 1 26
327 2 27 28
471 2 27 28
479 2 27 28
493 2 27 28
901 2 27 28
927 2 27 28
2125 2 27 28
2321 2 27 28
2487 2 27 28
2609 2 27 28
2793 2 27 28
3123 2 27 28
3155 2 27 28
3925 2 27 28
4165 2 27 28
4691 2 27 28
5103 2 27 28
5165 2 27 28
5251 2 27 28
6137 2 27 28
6239 2 27 28
6375 2 27 28
6595 2 27 28
6645 2 27 28
6769 3 27 28 28
7311 2 27 28
7999 2 27 28
8107 2 27 28
8217 2 27 28
8579 2 27 28
8929 2 27 28
9071 2 27 28
9321 2 27 28
9961 2 27 28
9979 2 27 28
10481 2 27 28
10619 2 27 28
10677 2 27 28
215 1 28
337 1 28
825 1 28
985 1 28
1311 1 28
1675 1 28
1773 1 28
2069 1 28
2405 1 28
3067 1 28
3211 1 28
3385 1 28
3547 1 28
3733 1 28
3851 1 28
4155 1 28
4575 1 28
4749 1 28
4809 1 28
5121 1 28
5571 1 28
5705 1 28
6831 1 28
6979 1 28
7461 1 28
7651 1 28
8147 1 28
9457 1 28
10491 1 28
10617 1 28
285 3 29 30 31
1117 3 29 30 31
1141 3 29 30 31
1149 3 29 30 31
2105 3 29 30 31
2299 3 29 30 31
2801 3 29 30 31
2903 3 29 30 31
5195 3 29 30 31
7039 3 29 30 31
7877 3 29 30 31
1183 2 30 31
1473 2 30 31
1625 2 30 31
2341 2 30 31
2589 2 30 31
2737 2 30 31
3391 2 30 31
3729 2 30 31
4287 2 30 31
4859 2 30 31
5605 2 30 31
5833 2 30 31
6277 2 30 31
7179 2 30 31
7255 2 30 31
7297 2 30 31
7559 2 30 31
8933 2 30 31
8967 2 30 31
9197 2 30 31
9809 2 30 31
10125 2 30 31
10509 2 30 31
10593 2 30 31
10799 2 30 31
237 1 31
739 1 31
1591 1 31
1901 1 31
1919 1 31
1987 1 31
2205 1 31
2333 1 31
2415 1 31
2603 1 31
2749 1 31
3091 1 31
3429 1 31
3495 1 31
3569 1 31
3647 1 31
3681 1 31
3833 1 31
3947 1 31
4191 1 31
4309 1 31
4709 1 31
4843 1 31
5105 1 31
5503 1 31
6299 1 31
6379 1 31
6545 1 31
6633 1 31
6701 1 31
6907 1 31
7395 1 31
7581 1 31
8273 1 31
8301 1 31
8431 1 31
8769 1 31
9145 1 31
9147 1 31
9469 1 31
9587 1 31
9875 1 31
10259 1 31
10753 1 31
10805 1 31
10825 1 31
10975 1 31
11019 1 31
25 1 32
97 1 32
131 1 32
317 1 32
563 1 32
595 1 32
697 1 32
935 1 32
1033 1 32
1107 1 32
1165 1 32
1179 1 32
1309 1 32
1757 1 32
1859 1 32
1929 1 32
2031 1 32
2045 1 32
2409 1 32
2423 1 32
2513 1 32
2893 1 32
2895 1 32
3151 1 32
3201 1 32
3323 1 32
3501 1 32
3679 1 32
3933 1 32
3975 1 32
4131 1 32
4189 1 32
4193 1 32
4203 1 32
4301 1 32
4521 1 32
4581 1 32
4767 1 32
4857 1 32
4967 1 32
4977 1 32
5263 1 32
5279 1 32
5327 1 32
5381 1 32
5877 1 32
5991 1 32
6223 1 32
6285 1 32
6295 1 32
6367 1 32
6399 1 32
6843 1 32
6845 1 32
7021 1 32
7119 1 32
7197 1 32
7407 1 32
7497 1 32
7509 1 32
7719 1 32
7849 1 32
7857 1 32
7867 1 32
8017 1 32
8231 1 32
8265 1 32
8329 1 32
8355 1 32
8465 1 32
8509 1 32
8741 1 32
8987 1 32
9123 1 32
9175 1 32
9513 1 32
9515 1 32
9535 1 32
9689 1 32
10169 1 32
10291 1 32
10365 1 32
10457 1 32
10591 1 32
10659 1 32
10873 1 32
10931 1 32
10993 1 32
217 1 33
295 1 33
309 1 33
423 1 33
865 1 33
1243 1 33
1413 1 33
1567 1 33
1681 1 33
2017 1 33
2091 1 33
2403 1 33
2803 1 33
3027 1 33
3233 1 33
3551 1 33
3759 1 33
3785 1 33
4079 1 33
4093 1 33
4635 1 33
4853 1 33
4867 1 33
5565 1 33
5587 1 33
5689 1 33
5729 1 33
6267 1 33
6377 1 33
6491 1 33
6713 1 33
7289 1 33
7715 1 33
7771 1 33
7967 1 33
7977 1 33
8569 1 33
9441 1 33
9449 1 33
9525 1 33
9909 1 33
10703 1 33
10971 1 33
163 6 34 35 36 37 38 39
345 6 34 35 36 37 38 39
605 6 34 35 36 37 38 39
649 6 34 35 36 37 38 39
897 6 34 35 36 37 38 39
983 6 34 35 36 37 38 39
1115 6 34 35 36 37 38 39
1153 6 34 35 36 37 38 39
1419 6 34 35 36 37 38 39
1487 6 34 35 36 37 38 39
1499 6 34 35 36 37 38 39
1895 6 34 35 36 37 38 39
1939 6 34 35 36 37 38 39
1947 6 34 35 36 37 38 39
2019 6 34 35 36 37 38 39
2457 6 34 35 36 37 38 39
3559 6 34 35 36 37 38 39
3641 6 34 35 36 37 38 39
3645 6 34 35 36 37 38 39
3697 6 34 35 36 37 38 39
3993 6 34 35 36 37 38 39
4005 6 34 35 36 37 38 39
4223 6 34 35 36 37 38 39
4243 6 34 35 36 37 38 39
4331 6 34 35 36 37 38 39
4379 6 34 35 36 37 38 39
4395 6 34 35 36 37 38 39
4567 6 34 35 36 37 38 39
4687 6 34 35 36 37 38 39
4697 6 34 35 36 37 38 39
5171 6 34 35 36 37 38 39
5185 6 34 35 36 37 38 39
5187 6 34 35 36 37 38 39
5429 6 34 35 36 37 38 39
5457 6 34 35 36 37 38 39
5631 6 34 35 36 37 38 39
5717 6 34 35 36 37 38 39
5811 6 34 35 36 37 38 39
5885 6 34 35 36 37 38 39
5989 6 34 35 36 37 38 39
6083 6 34 35 36 37 38 39
6085 6 34 35 36 37 38 39
6207 6 34 35 36 37 38 39
6345 6 34 35 36 37 38 39
6381 6 34 35 36 37 38 39
6483 6 34 35 36 37 38 39
6857 6 34 35 36 37 38 39
7501 6 34 35 36 37 38 39
7733 6 34 35 36 37 38 39
7769 6 34 35 36 37 38 39
8021 6 34 35 36 37 38 39
8421 6 34 35 36 37 38 39
8485 6 34 35 36 37 38 39
8537 6 34 35 36 37 38 39
8605 6 34 35 36 37 38 39
8937 6 34 35 36 37 38 39
9153 6 34 35 36 37 38 39
9557 6 34 35 36 37 38 39
9563 6 34 35 36 37 38 39
9581 6 34 35 36 37 38 39
10063 6 34 35 36 37 38 39
10211 6 34 35 36 37 38 39
10319 6 34 35 36 37 38 39
10449 6 34 35 36 37 38 39
10631 6 34 35 36 37 38 39
10729 6 34 35 36 37 38 39
10731 6 34 35 36 37 38 39
10779 6 34 35 36 37 38 39
10845 6 34 35 36 37 38 39
10917 6 34 35 36 37 38 39
10961 6 34 35 36 37 38 39
10979 6 34 35 36 37 38 39
887 2 35 36
1113 2 35 36
1553 2 35 36
1993 2 35 36
2581 2 35 36
4163 2 35 36
4357 2 35 36
5557 2 35 36
5561 2 35 36
6601 2 35 36
6997 2 35 36
7213 2 35 36
8111 2 35 36
8611 2 35 36
8819 2 35 36
8923 2 35 36
9107 2 35 36
9741 2 35 36
10413 2 35 36
129 1 36
1231 1 36
1627 1 36
1683 1 36
2179 1 36
2307 1 36
2335 1 36
2583 1 36
2805 1 36
2915 1 36
3855 1 36
3931 1 36
4187 1 36
4207 1 36
4367 1 36
4479 1 36
4921 1 36
5547 1 36
6311 1 36
6801 1 36
7199 1 36
7329 1 36
7965 1 36
8297 1 36
8591 1 36
9111 1 36
9943 1 36
10069 1 36
10649 1 36
10919 1 36
53 3 37 38 39
265 3 37 38 39
577 3 37 38 39
979 3 37 38 39
1329 3 37 38 39
3757 3 37 38 39
4071 3 37 38 39
5603 3 37 38 39
6131 3 37 38 39
6297 3 37 38 39
7573 3 37 38 39
7697 3 37 38 39
8413 3 37 38 39
23 1 38
403 1 38
481 1 38
1051 1 38
3677 1 38
4991 1 38
5581 1 38
6737 1 38
6775 1 38
7549 1 38
7795 1 38
8117 1 38
8953 1 38
9207 1 38
10947 1 38
10973 1 38
45 1 39
1559 1 39
1671 1 39
1935 1 39
2055 1 39
2417 1 39
2637 1 39
3111 1 39
3427 1 39
4713 1 39
5399 1 39
5407 1 39
6145 1 39
7335 1 39
7859 1 39
8471 1 39
8725 1 39
9199 1 39
9559 1 39
10691 1 39
10937 1 39
513 10 40 41 42 43 44 45 46 47 48 49
1377 10 40 41 42 43 44 45 46 47 48 49
1801 10 40 41 42 43 44 45 46 47 48 49
1977 10 40 41 42 43 44 45 46 47 48 49
2021 10 40 41 42 43 44 45 46 47 48 49
2863 10 40 41 42 43 44 45 46 47 48 49
3055 10 40 41 42 43 44 45 46 47 48 49
3669 10 40 41 42 43 44 45 46 47 48 49
5161 10 40 41 42 43 44 45 46 47 48 49
6341 10 40 41 42 43 44 45 46 47 48 49
6825 10 40 41 42 43 44 45 46 47 48 49
7761 10 40 41 42 43 44 45 46 47 48 49
7963 10 40 41 42 43 44 45 46 47 48 49
8983 10 40 41 42 43 44 45 46 47 48 49
9367 10 40 41 42 43 44 45 46 47 48 49
10225 10 40 41 42 43 44 45 46 47 48 49
10301 10 40 41 42 43 44 45 46 47 48 49
10815 10 40 41 42 43 44 45 46 47 48 49
2971 2 41 42
2999 2 41 42
3337 2 41 42
3587 2 41 42
3695 2 41 42
3879 2 41 42
4151 2 41 42
4345 2 41 42
4381 2 41 42
5087 2 41 42
5297 2 41 42
6095 2 41 42
6651 2 41 42
7631 2 41 42
8057 2 41 42
9181 2 41 42
9823 2 41 42
9957 2 41 42
10709 2 41 42
667 1 42
915 1 42
1805 1 42
2493 1 42
2745 1 42
2751 1 42
3017 1 42
3109 1 42
3143 1 42
3431 1 42
3591 1 42
3631 1 42
4373 1 42
4899 1 42
5169 1 42
5311 1 42
6241 1 42
6499 1 42
6575 1 42
6705 1 42
6895 1 42
8331 1 42
8357 1 42
9173 1 42
10463 1 42
10603 1 42
10647 1 42
10897 1 42
175 2 43 44
713 2 43 44
717 2 43 44
925 2 43 44
1203 2 43 44
1333 2 43 44
1641 2 43 44
1783 2 43 44
2067 2 43 44
2135 2 43 44
2489 2 43 44
2491 2 43 44
2661 2 43 44
2763 2 43 44
3299 2 43 44
3635 2 43 44
4127 2 43 44
4533 2 43 44
4557 2 43 44
4629 2 43 44
4723 2 43 44
5465 2 43 44
5499 2 43 44
5627 2 43 44
6185 2 43 44
6417 2 43 44
6659 2 43 44
6747 2 43 44
7283 2 43 44
7421 2 43 44
7827 2 43 44
7971 2 43 44
7975 2 43 44
8291 2 43 44
8463 2 43 44
8519 2 43 44
8561 2 43 44
8719 2 43 44
9007 2 43 44
9187 2 43 44
9395 2 43 44
9687 2 43 44
9973 2 43 44
10071 2 43 44
10239 2 43 44
10273 2 43 44
10475 2 43 44
10555 2 43 44
10755 2 43 44
10835 2 43 44
10837 2 43 44
10963 2 43 44
33 1 44
247 1 44
477 1 44
715 1 44
763 1 44
1035 1 44
1189 1 44
1815 1 44
1997 1 44
2813 1 44
2921 1 44
3105 1 44
3381 1 44
3443 1 44
3667 1 44
4049 1 44
4537 1 44
4679 1 44
5147 1 44
6031 1 44
6059 1 44
6249 1 44
6271 1 44
7125 1 44
7185 1 44
7747 1 44
8781 1 44
9301 1 44
9519 1 44
9607 1 44
9869 1 44
9955 1 44
10099 1 44
10231 1 44
10267 1 44
10959 1 44
39 1 45
1075 1 45
1379 1 45
2065 1 45
2399 1 45
2873 1 45
3525 1 45
4429 1 45
4527 1 45
4565 1 45
5217 1 45
5341 1 45
5379 1 45
5883 1 45
5969 1 45
6369 1 45
7023 1 45
7683 1 45
8121 1 45
8487 1 45
9095 1 45
9811 1 45
10881 1 45
10949 1 45
1467 4 46 47 48 49
2635 4 46 47 48 49
3311 4 46 47 48 49
4653 4 46 47 48 49
6385 4 46 47 48 49
6549 4 46 47 48 49
9027 4 46 47 48 49
585 1 47
1039 1 47
2097 1 47
2791 1 47
3171 1 47
3219 1 47
3465 1 47
4907 1 47
5349 1 47
7799 1 47
8087 1 47
149 2 48 49
809 2 48 49
1607 2 48 49
1995 2 48 49
2509 2 48 49
2677 2 48 49
2839 2 48 49
3485 2 48 49
4371 2 48 49
4457 2 48 49
4465 2 48 49
5923 2 48 49
6069 2 48 49
6203 2 48 49
7547 2 48 49
7739 2 48 49
7905 2 48 49
8133 2 48 49
8761 2 48 49
8913 2 48 49
9953 2 48 49
10915 2 48 49
11015 2 48 49
671 1 49
1407 1 49
3129 1 49
4413 1 49
6807 1 49
7187 1 49
10625 1 49
10929 1 49
1937 5 50 51 52 53 54
2671 5 50 51 52 53 54
2779 5 50 51 52 53 54
3095 5 50 51 52 53 54
3355 5 50 51 52 53 54
4333 5 50 51 52 53 54
4569 5 50 51 52 53 54
5539 5 50 51 52 53 54
5585 5 50 51 52 53 54
5985 5 50 51 52 53 54
7059 5 50 51 52 53 54
7171 5 50 51 52 53 54
7361 5 50 51 52 53 54
7633 5 50 51 52 53 54
7925 5 50 51 52 53 54
8479 5 50 51 52 53 54
9015 5 50 51 52 53 54
9877 5 50 51 52 53 54
10033 5 50 51 52 53 54
10181 5 50 51 52 53 54
10237 5 50 51 52 53 54
10723 5 50 51 52 53 54
813 4 51 52 53 54
1657 4 51 52 53 54
2081 4 51 52 53 54
2669 4 51 52 53 54
2831 4 51 52 53 54
4509 4 51 52 53 54
5145 4 51 52 53 54
5227 4 51 52 53 54
5289 4 51 52 53 54
5443 4 51 52 53 54
5955 4 51 52 53 54
6121 4 51 52 53 54
6901 4 51 52 53 54
7275 4 51 52 53 54
7875 4 51 52 53 54
8441 4 51 52 53 54
8553 4 51 52 53 54
8589 4 51 52 53 54
8941 4 51 52 53 54
9141 4 51 52 53 54
9855 4 51 52 53 54
9905 4 51 52 53 54
10061 4 51 52 53 54
10275 4 51 52 53 54
10839 4 51 52 53 54
10951 4 51 52 53 54
669 2 52 53
981 2 52 53
1019 2 52 53
1779 2 52 53
2469 2 52 53
3359 2 52 53
5139 2 52 53
6897 2 52 53
7737 2 52 53
7913 2 52 53
8309 2 52 53
10819 2 52 53
207 1 53
245 1 53
343 1 53
441 1 53
523 1 53
623 1 53
1307 1 53
2617 1 53
2641 1 53
2827 1 53
2927 1 53
3089 1 53
3115 1 53
3613 1 53
3811 1 53
4667 1 53
4865 1 53
4983 1 53
5117 1 53
5321 1 53
5419 1 53
5971 1 53
6289 1 53
6749 1 53
6995 1 53
7013 1 53
7765 1 53
7767 1 53
7989 1 53
7991 1 53
8005 1 53
8029 1 53
8127 1 53
8161 1 53
8411 1 53
9541 1 53
9871 1 53
10279 1 53
10733 1 53
10811 1 53
101 1 54
209 1 54
695 1 54
699 1 54
959 1 54
1029 1 54
1195 1 54
1285 1 54
1399 1 54
1727 1 54
1821 1 54
2207 1 54
2675 1 54
2681 1 54
3553 1 54
3985 1 54
4257 1 54
4269 1 54
4355 1 54
4447 1 54
4543 1 54
4549 1 54
4789 1 54
5613 1 54
6101 1 54
6567 1 54
6745 1 54
7151 1 54
7565 1 54
7625 1 54
7723 1 54
8015 1 54
8103 1 54
8207 1 54
8235 1 54
8285 1 54
8315 1 54
8341 1 54
8473 1 54
9077 1 54
9579 1 54
9585 1 54
9911 1 54
10247 1 54
10441 1 54
10549 1 54
10607 1 54
10977 1 54
801 1 55
971 1 55
2037 1 55
3621 1 55
3955 1 55
4137 1 55
4167 1 55
4643 1 55
4779 1 55
4987 1 55
5261 1 55
5299 1 55
5477 1 55
5639 1 55
6205 1 55
6547 1 55
6987 1 55
7173 1 55
7781 1 55
8311 1 55
8829 1 55
9017 1 55
9229 1 55
9487 1 55
9595 1 55
9755 1 55
9757 1 55
9893 1 55
10183 1 55
10739 1 55
79 10 56 57 58 59 60 61 62 63 64 65
199 10 56 57 58 59 60 61 62 63 64 65
407 10 56 57 58 59 60 61 62 63 64 65
883 10 56 57 58 59 60 61 62 63 64 65
919 10 56 57 58 59 60 61 62 63 64 65
6029 10 56 57 58 59 60 61 62 63 64 65
7567 10 56 57 58 59 60 61 62 63 64 65
7929 10 56 57 58 59 60 61 62 63 64 65
37 3 57 58 59
95 3 57 58 59
653 3 57 58 59
743 3 57 58 59
747 3 57 58 59
765 3 57 58 59
1089 3 57 58 59
1119 3 57 58 59
1257 3 57 58 59
1493 3 57 58 59
1509 3 57 58 59
1595 3 57 58 59
1737 3 57 58 59
2147 3 57 58 59
2175 3 57 58 59
2485 3 57 58 59
3029 3 57 58 59
3371 3 57 58 59
3691 3 57 58 59
4063 3 57 58 59
4407 3 57 58 59
4425 3 57 58 59
5143 3 57 58 59
5467 3 57 58 59
5697 3 57 58 59
6039 3 57 58 59
6197 3 57 58 59
6259 3 57 58 59
7033 3 57 58 59
7467 3 57 58 59
7865 3 57 58 59
8219 3 57 58 59
9407 3 57 58 59
10235 3 57 58 59
10595 3 57 58 59
10599 3 57 58 59
10663 3 57 58 59
291 1 58
619 1 58
643 1 58
2145 1 58
2199 1 58
2529 1 58
3633 1 58
4065 1 58
4827 1 58
5935 1 58
6045 1 58
7595 1 58
8451 1 58
8915 1 58
9189 1 58
10073 1 58
395 1 59
427 1 59
449 1 59
689 1 59
1347 1 59
1477 1 59
2075 1 59
2767 1 59
3533 1 59
3573 1 59
3789 1 59
4317 1 59
4377 1 59
4433 1 59
4449 1 59
6211 1 59
6321 1 59
6489 1 59
7003 1 59
8271 1 59
8489 1 59
8641 1 59
9697 1 59
10271 1 59
10455 1 59
10535 1 59
10891 1 59
183 3 60 61 62
1441 3 60 61 62
1989 3 60 61 62
2155 3 60 61 62
2169 3 60 61 62
2561 3 60 61 62
3297 3 60 61 62
3865 3 60 61 62
7051 3 60 61 62
7517 3 60 61 62
8211 3 60 61 62
8627 3 60 61 62
9719 4 60 61 62 62
10075 3 60 61 62
10601 3 60 61 62
10749 3 60 61 62
67 1 61
965 1 61
1265 1 61
1361 1 61
2113 1 61
2319 1 61
2435 1 61
2615 1 61
2811 1 61
2997 1 61
3227 1 61
3231 1 61
3629 1 61
3999 1 61
4039 1 61
4133 1 61
4771 1 61
5291 1 61
5395 1 61
5575 1 61
6723 1 61
6933 1 61
7251 1 61
7511 1 61
8069 1 61
8635 1 61
8911 1 61
9649 1 61
9723 1 61
10119 1 61
10653 1 61
10831 1 61
235 1 62
249 1 62
315 1 62
333 1 62
399 1 62
465 1 62
729 1 62
893 1 62
1009 1 62
1255 1 62
1389 1 62
1405 1 62
1599 1 62
1723 1 62
2137 1 62
2217 1 62
2575 1 62
3059 1 62
3077 1 62
3271 1 62
3439 1 62
3487 1 62
3615 1 62
3831 1 62
3991 1 62
4023 1 62
4147 1 62
4311 1 62
4417 1 62
4651 1 62
4661 1 62
4989 1 62
5375 1 62
5409 1 62
5439 1 62
5579 1 62
5645 1 62
5719 1 62
6021 1 62
6529 1 62
6539 1 62
6697 1 62
7133 1 62
7153 1 62
7193 1 62
7229 1 62
7295 1 62
7339 1 62
7353 1 62
7399 1 62
7611 1 62
7851 1 62
8053 1 62
8135 1 62
8153 1 62
8333 1 62
8359 1 62
8551 1 62
8613 1 62
8795 1 62
9049 1 62
9393 1 62
9599 1 62
9865 1 62
10043 1 62
10143 1 62
10473 1 62
10807 1 62
41 1 63
81 1 63
87 1 63
381 1 63
419 1 63
613 1 63
629 1 63
745 1 63
805 1 63
835 1 63
847 1 63
905 1 63
1215 1 63
1525 1 63
1583 1 63
1767 1 63
1885 1 63
1909 1 63
1991 1 63
2025 1 63
2117 1 63
2317 1 63
2385 1 63
2655 1 63
2685 1 63
2797 1 63
2901 1 63
2967 1 63
3049 1 63
3453 1 63
3581 1 63
3589 1 63
3743 1 63
3747 1 63
3793 1 63
3963 1 63
3977 1 63
4235 1 63
4389 1 63
4439 1 63
4463 1 63
4469 1 63
4511 1 63
4587 1 63
4621 1 63
4655 1 63
4703 1 63
4783 1 63
4885 1 63
5205 1 63
5213 1 63
5243 1 63
5361 1 63
5393 1 63
5943 1 63
6237 1 63
6347 1 63
6485 1 63
6663 1 63
6717 1 63
6873 1 63
7131 1 63
7175 1 63
7181 1 63
7287 1 63
7319 1 63
7325 1 63
7829 1 63
7995 1 63
8007 1 63
8195 1 63
8227 1 63
8439 1 63
8503 1 63
8745 1 63
8773 1 63
8939 1 63
9025 1 63
9047 1 63
9183 1 63
9311 1 63
9381 1 63
9477 1 63
9577 1 63
9759 1 63
9765 1 63
9807 1 63
9833 1 63
10111 1 63
10485 1 63
10559 1 63
10615 1 63
10743 1 63
10921 1 63
10945 1 63
431 1 64
817 1 64
1515 1 64
3643 1 64
4201 1 64
4221 1 64
4227 1 64
4675 1 64
5421 1 64
5453 1 64
5641 1 64
5911 1 64
6649 1 64
6865 1 64
6881 1 64
7237 1 64
7327 1 64
7663 1 64
7953 1 64
9223 1 64
9749 1 64
9963 1 64
9977 1 64
10203 1 64
10503 1 64
10985 1 64
77 1 65
2883 1 65
3377 1 65
3451 1 65
3783 1 65
601 1 66
1827 1 66
2027 1 66
6049 1 66
8025 1 66
8139 1 66
10167 1 66
10551 1 66
2747 4 67 68 69 70
2833 4 67 68 69 70
3097 4 67 68 69 70
5563 4 67 68 69 70
7017 4 67 68 69 70
9503 4 67 68 69 70
9929 4 67 68 69 70
10375 4 67 68 69 70
275 1 68
731 1 68
867 1 68
1161 1 68
1393 1 68
1651 1 68
2101 1 68
2325 1 68
2765 1 68
2841 1 68
3745 1 68
3753 1 68
3929 1 68
4051 1 68
4293 1 68
4785 1 68
5449 1 68
5559 1 68
5903 1 68
6473 1 68
6501 1 68
6875 1 68
6883 1 68
7317 1 68
8295 1 68
8313 1 68
8417 1 68
8601 1 68
9119 1 68
9539 1 68
10083 1 68
10145 1 68
10327 1 68
921 1 69
1299 1 69
1331 1 69
1689 1 69
1707 1 69
1721 1 69
1965 1 69
1985 1 69
2453 1 69
2519 1 69
2889 1 69
3071 1 69
3657 1 69
3659 1 69
4211 1 69
4453 1 69
4471 1 69
5211 1 69
6123 1 69
7267 1 69
7309 1 69
8449 1 69
8961 1 69
9057 1 69
9075 1 69
9185 1 69
9307 1 69
9647 1 69
9705 1 69
10645 1 69
10675 1 69
10685 1 69
10687 1 69
641 1 70
759 1 70
843 1 70
1573 1 70
1841 1 70
1925 1 70
1951 1 70
2467 1 70
2907 1 70
3215 1 70
3737 1 70
3837 1 70
4061 1 70
4215 1 70
4821 1 70
5567 1 70
6937 1 70
7323 1 70
7387 1 70
8337 1 70
8527 1 70
9161 1 70
9593 1 70
49 1 71
85 1 71
307 1 71
749 1 71
793 1 71
1043 1 71
1303 1 71
1431 1 71
2191 1 71
2343 1 71
2727 1 71
2965 1 71
3435 1 71
3987 1 71
4121 1 71
4175 1 71
4721 1 71
4759 1 71
4877 1 71
5083 1 71
5283 1 71
5921 1 71
6129 1 71
6661 1 71
7035 1 71
7265 1 71
7379 1 71
7491 1 71
7915 1 71
7919 1 71
8215 1 71
10307 1 71
10795 1 71
27 1 72
51 1 72
113 1 72
121 1 72
151 1 72
187 1 72
191 1 72
223 1 72
227 1 72
257 1 72
269 1 72
305 1 72
325 1 72
457 1 72
463 1 72
475 1 72
495 1 72
533 1 72
603 1 72
677 1 72
693 1 72
751 1 72
869 1 72
955 1 72
1007 1 72
1085 1 72
1087 1 72
1135 1 72
1147 1 72
1187 1 72
1193 1 72
1233 1 72
1253 1 72
1283 1 72
1341 1 72
1351 1 72
1385 1 72
1423 1 72
1447 1 72
1471 1 72
1495 1 72
1551 1 72
1555 1 72
1569 1 72
1581 1 72
1617 1 72
1647 1 72
1687 1 72
1691 1 72
1713 1 72
1741 1 72
1771 1 72
1793 1 72
1879 1 72
1897 1 72
1913 1 72
1975 1 72
2039 1 72
2149 1 72
2157 1 72
2187 1 72
2303 1 72
2345 1 72
2349 1 72
2357 1 72
2511 1 72
2545 1 72
2601 1 72
2639 1 72
2683 1 72
2729 1 72
2859 1 72
2875 1 72
3033 1 72
3039 1 72
3137 1 72
3141 1 72
3145 1 72
3149 1 72
3167 1 72
3183 1 72
3185 1 72
3191 1 72
3229 1 72
3277 1 72
3457 1 72
3503 1 72
3583 1 72
3623 1 72
3685 1 72
3755 1 72
3799 1 72
3807 1 72
3813 1 72
3919 1 72
3921 1 72
3941 1 72
3951 1 72
4033 1 72
4045 1 72
4075 1 72
4081 1 72
4101 1 72
4177 1 72
4197 1 72
4219 1 72
4247 1 72
4261 1 72
4265 1 72
4327 1 72
4363 1 72
4427 1 72
4435 1 72
4535 1 72
4649 1 72
4659 1 72
4665 1 72
4693 1 72
4811 1 72
4815 1 72
4851 1 72
4871 1 72
4881 1 72
4897 1 72
4923 1 72
5085 1 72
5089 1 72
5099 1 72
5129 1 72
5177 1 72
5203 1 72
5225 1 72
5239 1 72
5247 1 72
5265 1 72
5281 1 72
5287 1 72
5293 1 72
5323 1 72
5451 1 72
5481 1 72
5483 1 72
5591 1 72
5615 1 72
5731 1 72
5743 1 72
5831 1 72
5899 1 72
5929 1 72
5977 1 72
6065 1 72
6079 1 72
6113 1 72
6127 1 72
6233 1 72
6253 1 72
6257 1 72
6309 1 72
6317 1 72
6319 1 72
6329 1 72
6337 1 72
6351 1 72
6393 1 72
6403 1 72
6513 1 72
6563 1 72
6581 1 72
6583 1 72
6647 1 72
6695 1 72
6725 1 72
6729 1 72
6759 1 72
6763 1 72
6765 1 72
6799 1 72
6819 1 72
6847 1 72
6859 1 72
6945 1 72
6947 1 72
7047 1 72
7139 1 72
7143 1 72
7145 1 72
7169 1 72
7189 1 72
7293 1 72
7331 1 72
7337 1 72
7463 1 72
7499 1 72
7525 1 72
7537 1 72
7539 1 72
7615 1 72
7629 1 72
7669 1 72
7753 1 72
7775 1 72
7785 1 72
7793 1 72
7881 1 72
7885 1 72
7899 1 72
7903 1 72
7907 1 72
8013 1 72
8129 1 72
8175 1 72
8201 1 72
8229 1 72
8233 1 72
8253 1 72
8299 1 72
8423 1 72
8435 1 72
8467 1 72
8469 1 72
8513 1 72
8721 1 72
8733 1 72
8747 1 72
8981 1 72
9073 1 72
9117 1 72
9129 1 72
9133 1 72
9179 1 72
9219 1 72
9371 1 72
9373 1 72
9399 1 72
9401 1 72
9501 1 72
9509 1 72
9547 1 72
9555 1 72
9565 1 72
9571 1 72
9583 1 72
9603 1 72
9709 1 72
9727 1 72
9743 1 72
9753 1 72
9801 1 72
9835 1 72
9873 1 72
9879 1 72
9881 1 72
9885 1 72
9951 1 72
10085 1 72
10103 1 72
10171 1 72
10187 1 72
10199 1 72
10207 1 72
10223 1 72
10253 1 72
10387 1 72
10403 1 72
10415 1 72
10421 1 72
10429 1 72
10439 1 72
10511 1 72
10537 1 72
10621 1 72
10627 1 72
10681 1 72
10713 1 72
10775 1 72
10789 1 72
10793 1 72
10861 1 72
10877 1 72
10957 1 72
10997 1 72
299 1 73
313 1 73
435 1 73
439 1 73
455 1 73
459 1 73
515 1 73
587 1 73
755 1 73
1001 1 73
1127 1 73
1143 1 73
1263 1 73
1267 1 73
1271 1 73
1277 1 73
1317 1 73
1325 1 73
1349 1 73
1353 1 73
1355 1 73
1427 1 73
1503 1 73
1665 1 73
1673 1 73
1693 1 73
1695 1 73
1747 1 73
1799 1 73
1887 1 73
1941 1 73
1953 1 73
1955 1 73
2073 1 73
2465 1 73
2495 1 73
2499 1 73
2571 1 73
2607 1 73
2667 1 73
2705 1 73
2795 1 73
2905 1 73
3013 1 73
3087 1 73
3093 1 73
3223 1 73
3225 1 73
3279 1 73
3341 1 73
3471 1 73
3483 1 73
3511 1 73
3519 1 73
3529 1 73
3671 1 73
3761 1 73
3821 1 73
3843 1 73
4025 1 73
4035 1 73
4237 1 73
4263 1 73
4277 1 73
4339 1 73
4383 1 73
4551 1 73
4555 1 73
4607 1 73
4637 1 73
4639 1 73
4673 1 73
4685 1 73
4729 1 73
4801 1 73
4869 1 73
4943 1 73
4945 1 73
5091 1 73
5179 1 73
5307 1 73
5309 1 73
5415 1 73
5533 1 73
5681 1 73
5683 1 73
5707 1 73
5905 1 73
6073 1 73
6279 1 73
6371 1 73
6383 1 73
6429 1 73
6533 1 73
6577 1 73
6599 1 73
6635 1 73
6637 1 73
6711 1 73
6773 1 73
7041 1 73
7121 1 73
7141 1 73
7183 1 73
7217 1 73
7233 1 73
7341 1 73
7489 1 73
7569 1 73
7597 1 73
7675 1 73
7677 1 73
7843 1 73
7873 1 73
7889 1 73
8307 1 73
8897 1 73
8963 1 73
8979 1 73
8991 1 73
9005 1 73
9051 1 73
9085 1 73
9163 1 73
9195 1 73
9397 1 73
9403 1 73
9481 1 73
9543 1 73
9609 1 73
9821 1 73
9853 1 73
9867 1 73
10095 1 73
10105 1 73
10109 1 73
10147 1 73
10269 1 73
10363 1 73
10371 1 73
10399 1 73
10405 1 73
10419 1 73
10467 1 73
10501 1 73
10523 1 73
10531 1 73
10667 1 73
10785 1 73
10867 1 73
10953 1 73
10991 1 73
47 1 74
61 1 74
65 1 74
69 1 74
73 1 74
93 1 74
111 1 74
133 1 74
181 1 74
185 1 74
213 1 74
255 1 74
259 1 74
273 1 74
277 1 74
279 1 74
311 1 74
331 1 74
339 1 74
347 1 74
379 1 74
385 1 74
409 1 74
417 1 74
433 1 74
443 1 74
447 1 74
467 1 74
527 1 74
537 1 74
541 1 74
553 1 74
557 1 74
565 1 74
567 1 74
607 1 74
615 1 74
621 1 74
631 1 74
635 1 74
651 1 74
679 1 74
691 1 74
701 1 74
719 1 74
721 1 74
735 1 74
737 1 74
741 1 74
779 1 74
797 1 74
815 1 74
819 1 74
851 1 74
857 1 74
873 1 74
937 1 74
961 1 74
967 1 74
969 1 74
975 1 74
1003 1 74
1011 1 74
1023 1 74
1091 1 74
1109 1 74
1139 1 74
1167 1 74
1175 1 74
1181 1 74
1217 1 74
1237 1 74
1273 1 74
1291 1 74
1295 1 74
1337 1 74
1357 1 74
1375 1 74
1381 1 74
1391 1 74
1395 1 74
1437 1 74
1445 1 74
1561 1 74
1565 1 74
1587 1 74
1609 1 74
1619 1 74
1645 1 74
1659 1 74
1663 1 74
1667 1 74
1699 1 74
1749 1 74
1755 1 74
1769 1 74
1775 1 74
1825 1 74
1833 1 74
1837 1 74
1883 1 74
1889 1 74
1903 1 74
1917 1 74
1931 1 74
1957 1 74
1969 1 74
1979 1 74
1983 1 74
2023 1 74
2033 1 74
2041 1 74
2057 1 74
2079 1 74
2089 1 74
2093 1 74
2119 1 74
2121 1 74
2183 1 74
2189 1 74
2211 1 74
2213 1 74
2305 1 74
2323 1 74
2347 1 74
2351 1 74
2381 1 74
2393 1 74
2421 1 74
2425 1 74
2427 1 74
2439 1 74
2459 1 74
2471 1 74
2479 1 74
2481 1 74
2503 1 74
2525 1 74
2531 1 74
2537 1 74
2563 1 74
2573 1 74
2599 1 74
2623 1 74
2625 1 74
2631 1 74
2643 1 74
2649 1 74
2665 1 74
2693 1 74
2721 1 74
2743 1 74
2759 1 74
2775 1 74
2783 1 74
2821 1 74
2825 1 74
2837 1 74
2847 1 74
2849 1 74
2861 1 74
2865 1 74
2885 1 74
2911 1 74
2917 1 74
2919 1 74
2925 1 74
3001 1 74
3003 1 74
3015 1 74
3019 1 74
3075 1 74
3125 1 74
3157 1 74
3175 1 74
3177 1 74
3193 1 74
3203 1 74
3207 1 74
3213 1 74
3217 1 74
3221 1 74
3269 1 74
3301 1 74
3307 1 74
3309 1 74
3319 1 74
3325 1 74
3335 1 74
3343 1 74
3347 1 74
3349 1 74
3367 1 74
3373 1 74
3383 1 74
3455 1 74
3469 1 74
3489 1 74
3517 1 74
3539 1 74
3543 1 74
3571 1 74
3575 1 74
3599 1 74
3601 1 74
3617 1 74
3627 1 74
3637 1 74
3655 1 74
3687 1 74
3699 1 74
3791 1 74
3803 1 74
3819 1 74
3823 1 74
3825 1 74
3829 1 74
3867 1 74
3871 1 74
3877 1 74
3969 1 74
4001 1 74
4003 1 74
4007 1 74
4017 1 74
4027 1 74
4029 1 74
4037 1 74
4055 1 74
4097 1 74
4099 1 74
4107 1 74
4109 1 74
4115 1 74
4123 1 74
4141 1 74
4179 1 74
4195 1 74
4245 1 74
4271 1 74
4303 1 74
4325 1 74
4341 1 74
4403 1 74
4441 1 74
4443 1 74
4515 1 74
4517 1 74
4531 1 74
4585 1 74
4591 1 74
4599 1 74
4689 1 74
4719 1 74
4737 1 74
4747 1 74
4763 1 74
4773 1 74
4807 1 74
4813 1 74
4823 1 74
4833 1 74
4839 1 74
4855 1 74
4861 1 74
4883 1 74
4909 1 74
4917 1 74
4919 1 74
4929 1 74
4941 1 74
4947 1 74
4957 1 74
4959 1 74
4985 1 74
5093 1 74
5097 1 74
5107 1 74
5125 1 74
5127 1 74
5137 1 74
5153 1 74
5235 1 74
5275 1 74
5319 1 74
5331 1 74
5351 1 74
5357 1 74
5363 1 74
5397 1 74
5401 1 74
5431 1 74
5435 1 74
5461 1 74
5489 1 74
5493 1 74
5541 1 74
5549 1 74
5551 1 74
5599 1 74
5607 1 74
5621 1 74
5623 1 74
5635 1 74
5655 1 74
5687 1 74
5699 1 74
5715 1 74
5741 1 74
5747 1 74
5749 1 74
5829 1 74
5837 1 74
5865 1 74
5879 1 74
5917 1 74
5949 1 74
6057 1 74
6063 1 74
6067 1 74
6071 1 74
6093 1 74
6099 1 74
6107 1 74
6109 1 74
6117 1 74
6133 1 74
6147 1 74
6175 1 74
6187 1 74
6201 1 74
6225 1 74
6229 1 74
6269 1 74
6291 1 74
6333 1 74
6357 1 74
6361 1 74
6387 1 74
6423 1 74
6435 1 74
6439 1 74
6445 1 74
6481 1 74
6519 1 74
6531 1 74
6537 1 74
6541 1 74
6555 1 74
6587 1 74
6653 1 74
6683 1 74
6691 1 74
6699 1 74
6739 1 74
6797 1 74
6803 1 74
6817 1 74
6885 1 74
6891 1 74
6893 1 74
6899 1 74
6903 1 74
6911 1 74
6927 1 74
6935 1 74
6983 1 74
6985 1 74
6993 1 74
7011 1 74
7061 1 74
7113 1 74
7117 1 74
7123 1 74
7165 1 74
7177 1 74
7291 1 74
7315 1 74
7333 1 74
7347 1 74
7373 1 74
7383 1 74
7385 1 74
7389 1 74
7397 1 74
7401 1 74
7403 1 74
7411 1 74
7425 1 74
7427 1 74
7429 1 74
7465 1 74
7527 1 74
7541 1 74
7551 1 74
7553 1 74
7617 1 74
7621 1 74
7623 1 74
7649 1 74
7655 1 74
7679 1 74
7685 1 74
7693 1 74
7695 1 74
7705 1 74
7729 1 74
7749 1 74
7763 1 74
7791 1 74
7831 1 74
7855 1 74
7893 1 74
7897 1 74
7901 1 74
7937 1 74
7939 1 74
7947 1 74
7951 1 74
7957 1 74
7959 1 74
7981 1 74
8035 1 74
8045 1 74
8063 1 74
8093 1 74
8097 1 74
8131 1 74
8141 1 74
8151 1 74
8165 1 74
8173 1 74
8181 1 74
8187 1 74
8199 1 74
8213 1 74
8223 1 74
8243 1 74
8245 1 74
8251 1 74
8259 1 74
8263 1 74
8293 1 74
8335 1 74
8343 1 74
8349 1 74
8353 1 74
8447 1 74
8459 1 74
8475 1 74
8495 1 74
8505 1 74
8529 1 74
8541 1 74
8549 1 74
8559 1 74
8571 1 74
8573 1 74
8597 1 74
8609 1 74
8617 1 74
8639 1 74
8715 1 74
8717 1 74
8753 1 74
8783 1 74
8793 1 74
8821 1 74
8825 1 74
8921 1 74
8927 1 74
8951 1 74
8971 1 74
8985 1 74
9011 1 74
9039 1 74
9045 1 74
9079 1 74
9083 1 74
9087 1 74
9113 1 74
9135 1 74
9151 1 74
9157 1 74
9201 1 74
9213 1 74
9305 1 74
9317 1 74
9325 1 74
9337 1 74
9341 1 74
9361 1 74
9389 1 74
9409 1 74
9461 1 74
9465 1 74
9467 1 74
9485 1 74
9497 1 74
9505 1 74
9529 1 74
9537 1 74
9549 1 74
9561 1 74
9591 1 74
9601 1 74
9605 1 74
9683 1 74
9707 1 74
9721 1 74
9733 1 74
9737 1 74
9745 1 74
9843 1 74
9845 1 74
9897 1 74
9913 1 74
9915 1 74
9933 1 74
9937 1 74
10057 1 74
10107 1 74
10115 1 74
10139 1 74
10163 1 74
10165 1 74
10193 1 74
10241 1 74
10257 1 74
10293 1 74
10299 1 74
10333 1 74
10337 1 74
10343 1 74
10353 1 74
10355 1 74
10379 1 74
10381 1 74
10391 1 74
10393 1 74
10411 1 74
10425 1 74
10451 1 74
10453 1 74
10507 1 74
10513 1 74
10547 1 74
10611 1 74
10613 1 74
10623 1 74
10641 1 74
10651 1 74
10727 1 74
10797 1 74
10801 1 74
10895 1 74
10909 1 74
10969 1 74
11021 1 74
29 1 75
59 1 75
63 1 75
103 1 75
117 1 75
119 1 75
141 1 75
155 1 75
173 1 75
189 1 75
267 1 75
281 1 75
283 1 75
287 1 75
297 1 75
303 1 75
319 1 75
373 1 75
383 1 75
387 1 75
415 1 75
425 1 75
429 1 75
451 1 75
461 1 75
499 1 75
517 1 75
555 1 75
581 1 75
589 1 75
591 1 75
627 1 75
659 1 75
663 1 75
675 1 75
703 1 75
705 1 75
709 1 75
711 1 75
727 1 75
733 1 75
753 1 75
777 1 75
845 1 75
879 1 75
881 1 75
891 1 75
909 1 75
929 1 75
933 1 75
945 1 75
949 1 75
951 1 75
957 1 75
989 1 75
1025 1 75
1053 1 75
1121 1 75
1129 1 75
1137 1 75
1151 1 75
1177 1 75
1191 1 75
1197 1 75
1213 1 75
1219 1 75
1223 1 75
1319 1 75
1421 1 75
1443 1 75
1451 1 75
1457 1 75
1481 1 75
1497 1 75
1507 1 75
1521 1 75
1557 1 75
1575 1 75
1585 1 75
1603 1 75
1621 1 75
1623 1 75
1639 1 75
1655 1 75
1677 1 75
1679 1 75
1701 1 75
1715 1 75
1717 1 75
1725 1 75
1745 1 75
1765 1 75
1777 1 75
1795 1 75
1797 1 75
1851 1 75
1861 1 75
1865 1 75
1869 1 75
1899 1 75
1907 1 75
1911 1 75
1943 1 75
1949 1 75
1981 1 75
2085 1 75
2429 1 75
2433 1 75
2463 1 75
2549 1 75
2613 1 75
2621 1 75
2647 1 75
2689 1 75
2741 1 75
2777 1 75
2867 1 75
2881 1 75
2909 1 75
3099 1 75
3147 1 75
3187 1 75
3195 1 75
3197 1 75
3235 1 75
3315 1 75
3339 1 75
3445 1 75
3479 1 75
3531 1 75
3597 1 75
3651 1 75
3663 1 75
3773 1 75
3781 1 75
3805 1 75
3997 1 75
4083 1 75
4087 1 75
4159 1 75
4205 1 75
4213 1 75
4225 1 75
4233 1 75
4315 1 75
4343 1 75
4353 1 75
4393 1 75
4541 1 75
4605 1 75
4641 1 75
4701 1 75
4717 1 75
4829 1 75
4913 1 75
4975 1 75
5189 1 75
5249 1 75
5253 1 75
5273 1 75
5305 1 75
5329 1 75
5353 1 75
5441 1 75
5459 1 75
5491 1 75
5501 1 75
5545 1 75
5553 1 75
5577 1 75
5583 1 75
5863 1 75
5887 1 75
5901 1 75
5913 1 75
5975 1 75
6035 1 75
6195 1 75
6261 1 75
6305 1 75
6325 1 75
6447 1 75
6559 1 75
6667 1 75
6681 1 75
6703 1 75
6721 1 75
6791 1 75
6877 1 75
6929 1 75
6999 1 75
7005 1 75
7057 1 75
7147 1 75
7157 1 75
7307 1 75
7357 1 75
7363 1 75
7369 1 75
7493 1 75
7585 1 75
7587 1 75
7673 1 75
7773 1 75
7779 1 75
7861 1 75
7869 1 75
7945 1 75
8041 1 75
8043 1 75
8095 1 75
8167 1 75
8171 1 75
8209 1 75
8339 1 75
8361 1 75
8455 1 75
8481 1 75
8555 1 75
8567 1 75
8587 1 75
8603 1 75
8615 1 75
8723 1 75
8727 1 75
8729 1 75
8943 1 75
8995 1 75
9029 1 75
9055 1 75
9101 1 75
9211 1 75
9309 1 75
9405 1 75
9443 1 75
9455 1 75
9493 1 75
9495 1 75
9817 1 75
9831 1 75
9857 1 75
9895 1 75
9901 1 75
9927 1 75
10055 1 75
10059 1 75
10067 1 75
10131 1 75
10137 1 75
10215 1 75
10227 1 75
10283 1 75
10295 1 75
10313 1 75
10347 1 75
10357 1 75
10427 1 75
10443 1 75
10459 1 75
10479 1 75
10553 1 75
10751 1 75
10757 1 75
10885 1 75
10939 1 75
10965 1 75
11023 1 75
11039 1 75
221 1 76
329 1 76
469 1 76
483 1 76
531 1 76
543 1 76
655 1 76
685 1 76
783 1 76
789 1 76
1103 1 76
1131 1 76
1207 1 76
1363 1 76
1517 1 76
1633 1 76
1753 1 76
1787 1 76
1835 1 76
1945 1 76
1967 1 76
1971 1 76
2005 1 76
2077 1 76
2083 1 76
2311 1 76
2413 1 76
2483 1 76
2521 1 76
2785 1 76
2807 1 76
3131 1 76
3209 1 76
3433 1 76
3509 1 76
3565 1 76
3625 1 76
3751 1 76
3869 1 76
3915 1 76
3957 1 76
4399 1 76
4455 1 76
4595 1 76
4627 1 76
4645 1 76
4765 1 76
4825 1 76
4969 1 76
5077 1 76
5167 1 76
5487 1 76
5593 1 76
5967 1 76
6179 1 76
6397 1 76
6607 1 76
6655 1 76
6793 1 76
6823 1 76
6861 1 76
7135 1 76
7155 1 76
7159 1 76
7263 1 76
7413 1 76
7545 1 76
7637 1 76
7641 1 76
7653 1 76
7735 1 76
8037 1 76
8113 1 76
8177 1 76
8179 1 76
8363 1 76
8419 1 76
8461 1 76
8483 1 76
8637 1 76
8789 1 76
9009 1 76
9023 1 76
9037 1 76
9171 1 76
9205 1 76
9445 1 76
9447 1 76
9641 1 76
9711 1 76
9827 1 76
9861 1 76
9975 1 76
10221 1 76
10397 1 76
10497 1 76
10499 1 76
10521 1 76
10639 1 76
11013 1 76
11025 1 76
105 1 77
125 1 77
569 1 77
681 1 77
771 1 77
773 1 77
849 1 77
1017 1 77
1037 1 77
1847 1 77
1863 1 77
1881 1 77
1963 1 77
1973 1 77
2171 1 77
2387 1 77
2887 1 77
3113 1 77
3499 1 77
3593 1 77
3701 1 77
3779 1 77
3787 1 77
4369 1 77
4409 1 77
4731 1 77
4891 1 77
5175 1 77
5529 1 77
5535 1 77
5633 1 77
5679 1 77
5813 1 77
6287 1 77
6307 1 77
6313 1 77
6389 1 77
6573 1 77
6679 1 77
6727 1 77
6795 1 77
6921 1 77
7305 1 77
8047 1 77
8365 1 77
8367 1 77
8545 1 77
8599 1 77
8811 1 77
8957 1 77
9225 1 77
9589 1 77
9717 1 77
9907 1 77
9931 1 77
10289 1 77
10303 1 77
10483 1 77
10777 1 77
55 1 78
107 1 78
137 1 78
147 1 78
169 1 78
195 1 78
233 1 78
321 1 78
377 1 78
405 1 78
503 1 78
535 1 78
593 1 78
657 1 78
723 1 78
807 1 78
841 1 78
997 1 78
1021 1 78
1077 1 78
1083 1 78
1211 1 78
1225 1 78
1315 1 78
1335 1 78
1387 1 78
1417 1 78
1461 1 78
1513 1 78
1653 1 78
1719 1 78
1731 1 78
1853 1 78
2001 1 78
2009 1 78
2107 1 78
2115 1 78
2197 1 78
2389 1 78
2395 1 78
2473 1 78
2533 1 78
2579 1 78
2653 1 78
2679 1 78
2707 1 78
3005 1 78
3023 1 78
3069 1 78
3073 1 78
3107 1 78
3173 1 78
3179 1 78
3387 1 78
3389 1 78
3441 1 78
3527 1 78
3537 1 78
3661 1 78
3675 1 78
3739 1 78
3835 1 78
3841 1 78
3873 1 78
3937 1 78
4077 1 78
4095 1 78
4119 1 78
4231 1 78
4307 1 78
4349 1 78
4351 1 78
4579 1 78
4603 1 78
4695 1 78
4743 1 78
4803 1 78
4887 1 78
5081 1 78
5111 1 78
5295 1 78
5373 1 78
5455 1 78
5505 1 78
5507 1 78
5695 1 78
5711 1 78
5739 1 78
5745 1 78
6055 1 78
6061 1 78
6075 1 78
6077 1 78
6139 1 78
6181 1 78
6323 1 78
6407 1 78
6441 1 78
6751 1 78
6755 1 78
6757 1 78
6783 1 78
6821 1 78
6837 1 78
7009 1 78
7015 1 78
7227 1 78
7239 1 78
7257 1 78
7505 1 78
7529 1 78
7613 1 78
7689 1 78
7713 1 78
7731 1 78
7911 1 78
7969 1 78
7997 1 78
8185 1 78
8511 1 78
8523 1 78
8595 1 78
8757 1 78
8759 1 78
8817 1 78
9019 1 78
9089 1 78
9209 1 78
9295 1 78
9357 1 78
9551 1 78
9569 1 78
9693 1 78
9935 1 78
9965 1 78
10051 1 78
10121 1 78
10261 1 78
10325 1 78
10341 1 78
10367 1 78
10395 1 78
10417 1 78
10423 1 78
10433 1 78
10883 1 78
10887 1 78
10933 1 78
10987 1 78
10989 1 78
11027 1 78
31 1 79
83 1 79
89 1 79
127 1 79
157 1 79
165 1 79
167 1 79
177 1 79
179 1 79
197 1 79
219 1 79
243 1 79
375 1 79
401 1 79
487 1 79
497 1 79
505 1 79
507 1 79
509 1 79
551 1 79
559 1 79
579 1 79
609 1 79
661 1 79
683 1 79
687 1 79
757 1 79
775 1 79
803 1 79
827 1 79
855 1 79
871 1 79
875 1 79
889 1 79
899 1 79
903 1 79
913 1 79
931 1 79
1013 1 79
1027 1 79
1031 1 79
1049 1 79
1093 1 79
1095 1 79
1099 1 79
1101 1 79
1163 1 79
1209 1 79
1227 1 79
1251 1 79
1275 1 79
1301 1 79
1321 1 79
1323 1 79
1371 1 79
1383 1 79
1401 1 79
1435 1 79
1469 1 79
1485 1 79
1491 1 79
1523 1 79
1613 1 79
1685 1 79
1729 1 79
1759 1 79
1763 1 79
1785 1 79
1791 1 79
1803 1 79
1807 1 79
1817 1 79
1845 1 79
1871 1 79
1923 1 79
2003 1 79
2013 1 79
2047 1 79
2053 1 79
2071 1 79
2099 1 79
2109 1 79
2143 1 79
2153 1 79
2161 1 79
2181 1 79
2355 1 79
2383 1 79
2431 1 79
2443 1 79
2445 1 79
2449 1 79
2475 1 79
2535 1 79
2565 1 79
2567 1 79
2619 1 79
2633 1 79
2659 1 79
2701 1 79
2703 1 79
2713 1 79
2725 1 79
2739 1 79
2755 1 79
2771 1 79
2823 1 79
2835 1 79
2855 1 79
3009 1 79
3025 1 79
3035 1 79
3043 1 79
3065 1 79
3079 1 79
3081 1 79
3085 1 79
3119 1 79
3133 1 79
3139 1 79
3153 1 79
3169 1 79
3283 1 79
3293 1 79
3295 1 79
3357 1 79
3375 1 79
3379 1 79
3425 1 79
3437 1 79
3447 1 79
3473 1 79
3497 1 79
3507 1 79
3521 1 79
3557 1 79
3561 1 79
3567 1 79
3595 1 79
3609 1 79
3611 1 79
3619 1 79
3665 1 79
3693 1 79
3797 1 79
3827 1 79
3839 1 79
3861 1 79
3863 1 79
3923 1 79
3927 1 79
3935 1 79
3939 1 79
3949 1 79
3953 1 79
3973 1 79
3981 1 79
3983 1 79
3989 1 79
4041 1 79
4059 1 79
4067 1 79
4103 1 79
4111 1 79
4129 1 79
4199 1 79
4209 1 79
4229 1 79
4251 1 79
4253 1 79
4255 1 79
4259 1 79
4281 1 79
4285 1 79
4291 1 79
4295 1 79
4299 1 79
4313 1 79
4323 1 79
4329 1 79
4347 1 79
4385 1 79
4387 1 79
4397 1 79
4401 1 79
4437 1 79
4467 1 79
4513 1 79
4529 1 79
4547 1 79
4553 1 79
4573 1 79
4583 1 79
4619 1 79
4623 1 79
4647 1 79
4683 1 79
4735 1 79
4787 1 79
4791 1 79
4793 1 79
4795 1 79
4817 1 79
4835 1 79
4895 1 79
4903 1 79
4905 1 79
4935 1 79
4937 1 79
4949 1 79
4953 1 79
4955 1 79
5075 1 79
5115 1 79
5163 1 79
5181 1 79
5201 1 79
5209 1 79
5215 1 79
5223 1 79
5233 1 79
5257 1 79
5259 1 79
5271 1 79
5317 1 79
5333 1 79
5335 1 79
5337 1 79
5339 1 79
5343 1 79
5389 1 79
5391 1 79
5403 1 79
5417 1 79
5423 1 79
5425 1 79
5437 1 79
5463 1 79
5471 1 79
5485 1 79
5555 1 79
5589 1 79
5619 1 79
5649 1 79
5651 1 79
5653 1 79
5685 1 79
5691 1 79
5703 1 79
5721 1 79
5771 1 79
5773 1 79
5775 1 79
5781 1 79
5835 1 79
5839 1 79
5867 1 79
5873 1 79
5889 1 79
5891 1 79
5927 1 79
5937 1 79
5941 1 79
5987 1 79
6023 1 79
6051 1 79
6053 1 79
6097 1 79
6119 1 79
6141 1 79
6143 1 79
6183 1 79
6189 1 79
6213 1 79
6219 1 79
6235 1 79
6245 1 79
6255 1 79
6265 1 79
6283 1 79
6315 1 79
6335 1 79
6363 1 79
6421 1 79
6479 1 79
6493 1 79
6495 1 79
6517 1 79
6669 1 79
6673 1 79
6685 1 79
6687 1 79
6715 1 79
6767 1 79
6771 1 79
6805 1 79
6811 1 79
6827 1 79
6855 1 79
6909 1 79
6923 1 79
7019 1 79
7025 1 79
7049 1 79
7111 1 79
7127 1 79
7137 1 79
7195 1 79
7201 1 79
7207 1 79
7219 1 79
7243 1 79
7261 1 79
7321 1 79
7343 1 79
7355 1 79
7367 1 79
7371 1 79
7393 1 79
7415 1 79
7417 1 79
7563 1 79
7577 1 79
7589 1 79
7591 1 79
7599 1 79
7635 1 79
7657 1 79
7659 1 79
7661 1 79
7681 1 79
7699 1 79
7701 1 79
7709 1 79
7711 1 79
7727 1 79
7745 1 79
7755 1 79
7757 1 79
7787 1 79
7789 1 79
7835 1 79
7871 1 79
7879 1 79
7887 1 79
7891 1 79
7909 1 79
7921 1 79
7923 1 79
7935 1 79
7941 1 79
7949 1 79
7983 1 79
8003 1 79
8031 1 79
8051 1 79
8055 1 79
8061 1 79
8075 1 79
8081 1 79
8083 1 79
8125 1 79
8137 1 79
8157 1 79
8163 1 79
8189 1 79
8203 1 79
8247 1 79
8269 1 79
8279 1 79
8283 1 79
8321 1 79
8325 1 79
8491 1 79
8517 1 79
8533 1 79
8557 1 79
8581 1 79
8583 1 79
8621 1 79
8633 1 79
8735 1 79
8743 1 79
8749 1 79
8751 1 79
8767 1 79
8779 1 79
8787 1 79
8797 1 79
8809 1 79
8823 1 79
8833 1 79
8919 1 79
8931 1 79
8947 1 79
8955 1 79
8959 1 79
8977 1 79
9001 1 79
9003 1 79
9021 1 79
9031 1 79
9035 1 79
9041 1 79
9043 1 79
9081 1 79
9097 1 79
9125 1 79
9139 1 79
9155 1 79
9191 1 79
9193 1 79
9303 1 79
9319 1 79
9347 1 79
9355 1 79
9451 1 79
9459 1 79
9471 1 79
9473 1 79
9499 1 79
9507 1 79
9531 1 79
9533 1 79
9639 1 79
9643 1 79
9691 1 79
9699 1 79
9715 1 79
9731 1 79
9763 1 79
9837 1 79
9859 1 79
9887 1 79
9919 1 79
9925 1 79
9947 1 79
9969 1 79
10027 1 79
10049 1 79
10077 1 79
10081 1 79
10141 1 79
10157 1 79
10161 1 79
10209 1 79
10229 1 79
10249 1 79
10331 1 79
10335 1 79
10359 1 79
10409 1 79
10437 1 79
10445 1 79
10461 1 79
10557 1 79
10561 1 79
10609 1 79
10665 1 79
10671 1 79
10673 1 79
10707 1 79
10737 1 79
10787 1 79
10809 1 79
10817 1 79
10829 1 79
10841 1 79
10857 1 79
10893 1 79
10901 1 79
10905 1 79
10911 1 79
10913 1 79
10935 1 79
11029 1 79
11031 1 79
11033 1 79
