finaloutput/invitro_new_const3/
[48, 19, 9636, 9534, 9636]
(19, 9636)
0 [array([], dtype=int64)]
1 [array([], dtype=int64)]
5 [array([], dtype=int64)]
11 [array([], dtype=int64)]
12 [array([], dtype=int64)]
13 [array([], dtype=int64)]
17 [array([], dtype=int64)]
18 [array([], dtype=int64)]
exclude [0, 1, 5, 11, 12, 13, 17, 18]
289 17
2 0 1 [0. 1.] [9.98003992e-04 9.99001996e-01]
2 0 2 [0. 1.] [0.99889135 0.00110865]
2 0 3 [0. 1.] [0.99875312 0.00124688]
2 0 4 [0. 1.] [0.9985755 0.0014245]
2 0 5 [0. 1.] [9.98003992e-04 9.99001996e-01]
2 0 6 [0. 1.] [9.99286733e-01 7.13266762e-04]
2 0 7 [0. 1.] [0.99751244 0.00248756]
2 0 8 [0. 1.] [0.99833887 0.00166113]
2 0 9 [0. 1.] [9.99286733e-01 7.13266762e-04]
2 0 10 [0. 1.] [0.00124688 0.99875312]
2 0 11 [0. 1.] [0.99833887 0.00166113]
2 0 12 [0. 1.] [0.99833887 0.00166113]
2 0 13 [0. 1.] [0.99668874 0.00331126]
2 0 14 [0. 1.] [0.00110865 0.99889135]
2 0 15 [0. 1.] [0.99875312 0.00124688]
2 0 16 [0. 1.] [0.99875312 0.00124688]
2 0 17 [0. 1.] [0.99889135 0.00110865]
2 0 18 [0. 1.] [0.99800797 0.00199203]
2 0 19 [0. 1.] [0.99833887 0.00166113]
2 0 20 [0. 1.] [0.99668874 0.00331126]
2 0 21 [0. 1.] [0.99833887 0.00166113]
2 0 22 [0. 1.] [9.99092559e-01 9.07441016e-04]
2 0 23 [0. 1.] [9.99092559e-01 9.07441016e-04]
2 0 24 [0. 1.] [0.99875312 0.00124688]
2 0 25 [0. 1.] [9.99168053e-01 8.31946755e-04]
2 0 26 [0. 1.] [0.99875312 0.00124688]
2 0 27 [0. 1.] [9.99334221e-01 6.65778961e-04]
2 0 28 [0. 1.] [0.0014245 0.9985755]
2 0 29 [0. 1.] [0.99668874 0.00331126]
2 0 30 [0. 1.] [9.98003992e-04 9.99001996e-01]
2 0 31 [0. 1.] [0.00110865 0.99889135]
2 0 32 [0. 1.] [9.99286733e-01 7.13266762e-04]
2 0 33 [0. 1.] [9.07441016e-04 9.99092559e-01]
2 0 34 [0. 1.] [9.99001996e-01 9.98003992e-04]
2 0 35 [0. 1.] [0.99875312 0.00124688]
2 0 36 [0. 1.] [0.99668874 0.00331126]
2 0 37 [0. 1.] [0.00124688 0.99875312]
2 0 38 [0. 1.] [0.99751244 0.00248756]
2 0 39 [0. 1.] [0.99889135 0.00110865]
2 0 40 [0. 1.] [0.99833887 0.00166113]
2 0 41 [0. 1.] [6.24219725e-04 9.99375780e-01]
2 0 42 [0. 1.] [0.99875312 0.00124688]
2 0 43 [0. 1.] [0.00110865 0.99889135]
2 0 44 [0. 1.] [9.99092559e-01 9.07441016e-04]
2 0 45 [0. 1.] [0.9950495 0.0049505]
2 0 46 [0. 1.] [0.00110865 0.99889135]
2 0 47 [0. 1.] [9.07441016e-04 9.99092559e-01]
2 0 48 [0. 1.] [0.99875312 0.00124688]
2 0 49 [0. 1.] [0.9985755 0.0014245]
2 0 50 [0. 1.] [9.99001996e-01 9.98003992e-04]
2 0 51 [0. 1.] [0.9985755 0.0014245]
2 0 52 [0. 1.] [9.99001996e-01 9.98003992e-04]
2 0 53 [0. 1.] [0.99800797 0.00199203]
2 0 54 [0. 1.] [0.0014245 0.9985755]
2 0 55 [0. 1.] [9.99001996e-01 9.98003992e-04]
2 0 56 [0. 1.] [0.99875312 0.00124688]
2 0 57 [0. 1.] [9.07441016e-04 9.99092559e-01]
2 0 58 [0. 1.] [9.07441016e-04 9.99092559e-01]
2 0 59 [0. 1.] [9.99168053e-01 8.31946755e-04]
2 0 60 [0. 1.] [9.99001996e-01 9.98003992e-04]
2 0 61 [0. 1.] [9.98003992e-04 9.99001996e-01]
2 0 62 [0. 1.] [9.99168053e-01 8.31946755e-04]
2 0 63 [0. 1.] [0.99800797 0.00199203]
2 0 64 [0. 1.] [0.99800797 0.00199203]
2 0 65 [0. 1.] [0.00110865 0.99889135]
2 0 66 [0. 1.] [0.99889135 0.00110865]
2 0 67 [0. 1.] [0.99875312 0.00124688]
2 0 68 [0. 1.] [0.99833887 0.00166113]
2 0 69 [0. 1.] [9.99001996e-01 9.98003992e-04]
2 0 70 [0. 1.] [0.9985755 0.0014245]
2 0 71 [0. 1.] [9.98003992e-04 9.99001996e-01]
2 0 72 [0. 1.] [0.99833887 0.00166113]
2 0 73 [0. 1.] [0.99800797 0.00199203]
2 0 74 [0. 1.] [0.99800797 0.00199203]
2 0 75 [0. 1.] [0.99751244 0.00248756]
2 0 76 [0. 1.] [0.99889135 0.00110865]
2 0 77 [0. 1.] [0.0014245 0.9985755]
2 0 78 [0. 1.] [9.99001996e-01 9.98003992e-04]
2 0 79 [0. 1.] [0.9985755 0.0014245]
2 0 80 [0. 1.] [9.99092559e-01 9.07441016e-04]
2 0 81 [0. 1.] [0.99751244 0.00248756]
2 0 82 [0. 1.] [0.99800797 0.00199203]
2 0 83 [0. 1.] [9.99001996e-01 9.98003992e-04]
2 0 84 [0. 1.] [0.9985755 0.0014245]
2 0 85 [0. 1.] [7.68049155e-04 9.99231951e-01]
2 0 86 [0. 1.] [9.99092559e-01 9.07441016e-04]
2 0 87 [0. 1.] [9.99001996e-01 9.98003992e-04]
2 0 88 [0. 1.] [0.99751244 0.00248756]
2 0 89 [0. 1.] [9.98003992e-04 9.99001996e-01]
2 0 90 [0. 1.] [0.99889135 0.00110865]
2 0 91 [0. 1.] [0.99875312 0.00124688]
2 0 92 [0. 1.] [9.99001996e-01 9.98003992e-04]
2 0 93 [0. 1.] [7.13266762e-04 9.99286733e-01]
2 0 94 [0. 1.] [0.9985755 0.0014245]
2 0 95 [0. 1.] [0.99875312 0.00124688]
2 0 96 [0. 1.] [9.99092559e-01 9.07441016e-04]
2 0 97 [0. 1.] [9.99092559e-01 9.07441016e-04]
2 0 98 [0. 1.] [0.99833887 0.00166113]
2 0 99 [0. 1.] [9.99092559e-01 9.07441016e-04]
2 0 100 [0. 1.] [0.99751244 0.00248756]
2 0 101 [0. 1.] [0.99668874 0.00331126]
2 0 102 [0. 1.] [9.98003992e-04 9.99001996e-01]
2 0 103 [0. 1.] [9.99092559e-01 9.07441016e-04]
2 0 104 [0. 1.] [9.99001996e-01 9.98003992e-04]
2 0 105 [0. 1.] [0.0014245 0.9985755]
2 0 106 [0. 1.] [0.00110865 0.99889135]
2 0 107 [0. 1.] [8.31946755e-04 9.99168053e-01]
2 0 108 [0. 1.] [0.99751244 0.00248756]
2 0 109 [0. 1.] [0.99800797 0.00199203]
2 0 110 [0. 1.] [0.9985755 0.0014245]
2 0 111 [0. 1.] [0.99833887 0.00166113]
2 0 112 [0. 1.] [0.99800797 0.00199203]
2 0 113 [0. 1.] [0.9985755 0.0014245]
2 0 114 [0. 1.] [9.99231951e-01 7.68049155e-04]
2 0 115 [0. 1.] [9.99001996e-01 9.98003992e-04]
2 0 116 [0. 1.] [0.99833887 0.00166113]
2 0 117 [0. 1.] [9.99092559e-01 9.07441016e-04]
2 0 118 [0. 1.] [9.99092559e-01 9.07441016e-04]
2 0 119 [0. 1.] [0.9985755 0.0014245]
2 0 120 [0. 1.] [9.99231951e-01 7.68049155e-04]
2 0 121 [0. 1.] [0.99751244 0.00248756]
2 0 122 [0. 1.] [0.99800797 0.00199203]
2 0 123 [0. 1.] [0.99751244 0.00248756]
2 0 124 [0. 1.] [0.9985755 0.0014245]
2 0 125 [0. 1.] [0.99668874 0.00331126]
2 0 126 [0. 1.] [9.07441016e-04 9.99092559e-01]
2 0 127 [0. 1.] [0.9985755 0.0014245]
2 0 128 [0. 1.] [8.31946755e-04 9.99168053e-01]
2 0 129 [0. 1.] [9.99231951e-01 7.68049155e-04]
2 0 130 [0. 1.] [9.99092559e-01 9.07441016e-04]
2 0 131 [0. 1.] [0.99875312 0.00124688]
2 0 132 [0. 1.] [9.98003992e-04 9.99001996e-01]
2 0 133 [0. 1.] [9.99231951e-01 7.68049155e-04]
2 0 134 [0. 1.] [0.00124688 0.99875312]
2 0 135 [0. 1.] [0.99889135 0.00110865]
2 0 136 [0. 1.] [0.00110865 0.99889135]
2 0 137 [0. 1.] [9.98003992e-04 9.99001996e-01]
2 0 138 [0. 1.] [9.07441016e-04 9.99092559e-01]
2 0 139 [0. 1.] [9.98003992e-04 9.99001996e-01]
2 0 140 [0. 1.] [0.99833887 0.00166113]
2 0 141 [0. 1.] [9.99092559e-01 9.07441016e-04]
2 0 142 [0. 1.] [8.31946755e-04 9.99168053e-01]
2 0 143 [0. 1.] [0.99875312 0.00124688]
2 0 144 [0. 1.] [9.99334221e-01 6.65778961e-04]
2 0 145 [0. 1.] [9.99286733e-01 7.13266762e-04]
2 0 146 [0. 1.] [0.99800797 0.00199203]
2 0 147 [0. 1.] [9.99168053e-01 8.31946755e-04]
2 0 148 [0. 1.] [9.99001996e-01 9.98003992e-04]
2 0 149 [0. 1.] [0.99800797 0.00199203]
2 0 150 [0. 1.] [9.99334221e-01 6.65778961e-04]
2 0 151 [0. 1.] [0.99668874 0.00331126]
2 0 152 [0. 1.] [0.00110865 0.99889135]
2 0 153 [0. 1.] [0.99833887 0.00166113]
2 0 154 [0. 1.] [0.99751244 0.00248756]
2 0 155 [0. 1.] [0.99800797 0.00199203]
2 0 156 [0. 1.] [9.99001996e-01 9.98003992e-04]
2 0 157 [0. 1.] [0.99833887 0.00166113]
2 0 158 [0. 1.] [0.00110865 0.99889135]
2 0 159 [0. 1.] [0.99800797 0.00199203]
2 0 160 [0. 1.] [0.9985755 0.0014245]
2 0 161 [0. 1.] [0.99875312 0.00124688]
2 0 162 [0. 1.] [0.99875312 0.00124688]
2 0 163 [0. 1.] [0.99833887 0.00166113]
2 0 164 [0. 1.] [0.99875312 0.00124688]
2 0 165 [0. 1.] [0.99751244 0.00248756]
2 0 166 [0. 1.] [0.99833887 0.00166113]
2 0 167 [0. 1.] [9.99168053e-01 8.31946755e-04]
2 0 168 [0. 1.] [0.9985755 0.0014245]
2 0 169 [0. 1.] [0.9985755 0.0014245]
2 0 170 [0. 1.] [0.00110865 0.99889135]
2 0 171 [0. 1.] [0.99833887 0.00166113]
2 0 172 [0. 1.] [9.99092559e-01 9.07441016e-04]
2 0 173 [0. 1.] [9.99286733e-01 7.13266762e-04]
2 0 174 [0. 1.] [0.99875312 0.00124688]
2 0 175 [0. 1.] [9.98003992e-04 9.99001996e-01]
2 0 176 [0. 1.] [0.99751244 0.00248756]
2 0 177 [0. 1.] [9.99001996e-01 9.98003992e-04]
2 0 178 [0. 1.] [9.99231951e-01 7.68049155e-04]
2 0 179 [0. 1.] [9.99334221e-01 6.65778961e-04]
2 0 180 [0. 1.] [0.99800797 0.00199203]
2 0 181 [0. 1.] [0.99800797 0.00199203]
2 0 182 [0. 1.] [0.00110865 0.99889135]
2 0 183 [0. 1.] [0.99751244 0.00248756]
2 0 184 [0. 1.] [0.99889135 0.00110865]
2 0 185 [0. 1.] [0.00124688 0.99875312]
2 0 186 [0. 1.] [0.99875312 0.00124688]
2 0 187 [0. 1.] [9.99168053e-01 8.31946755e-04]
2 0 188 [0. 1.] [0.99800797 0.00199203]
2 0 189 [0. 1.] [0.00124688 0.99875312]
2 0 190 [0. 1.] [0.9985755 0.0014245]
2 0 191 [0. 1.] [0.9985755 0.0014245]
2 0 192 [0. 1.] [0.99875312 0.00124688]
2 0 193 [0. 1.] [0.99751244 0.00248756]
2 0 194 [0. 1.] [0.99800797 0.00199203]
2 0 195 [0. 1.] [0.99833887 0.00166113]
2 0 196 [0. 1.] [0.00124688 0.99875312]
2 0 197 [0. 1.] [0.99889135 0.00110865]
2 0 198 [0. 1.] [0.99875312 0.00124688]
2 0 199 [0. 1.] [9.99001996e-01 9.98003992e-04]
2 0 200 [0. 1.] [0.00110865 0.99889135]
2 0 201 [0. 1.] [0.99875312 0.00124688]
2 0 202 [0. 1.] [0.00124688 0.99875312]
2 0 203 [0. 1.] [0.99019608 0.00980392]
2 0 204 [0. 1.] [0.00124688 0.99875312]
2 0 205 [0. 1.] [0.99751244 0.00248756]
2 0 206 [0. 1.] [0.9950495 0.0049505]
2 0 207 [0. 1.] [0.99668874 0.00331126]
2 0 208 [0. 1.] [9.99286733e-01 7.13266762e-04]
2 0 209 [0. 1.] [8.31946755e-04 9.99168053e-01]
2 0 210 [0. 1.] [0.00124688 0.99875312]
2 0 211 [0. 1.] [0.9985755 0.0014245]
2 0 212 [0. 1.] [0.99889135 0.00110865]
2 0 213 [0. 1.] [0.99751244 0.00248756]
2 0 214 [0. 1.] [0.00124688 0.99875312]
2 0 215 [0. 1.] [0.99833887 0.00166113]
2 0 216 [0. 1.] [0.99889135 0.00110865]
2 0 217 [0. 1.] [9.99168053e-01 8.31946755e-04]
2 0 218 [0. 1.] [0.9985755 0.0014245]
2 0 219 [0. 1.] [0.99800797 0.00199203]
2 0 220 [0. 1.] [0.99800797 0.00199203]
2 0 221 [0. 1.] [9.99168053e-01 8.31946755e-04]
2 0 222 [0. 1.] [0.00110865 0.99889135]
2 0 223 [0. 1.] [0.99833887 0.00166113]
2 0 224 [0. 1.] [0.99800797 0.00199203]
2 0 225 [0. 1.] [0.99875312 0.00124688]
2 0 226 [0. 1.] [0.99875312 0.00124688]
2 0 227 [0. 1.] [0.99751244 0.00248756]
2 0 228 [0. 1.] [0.99751244 0.00248756]
2 0 229 [0. 1.] [0.99875312 0.00124688]
2 0 230 [0. 1.] [0.9985755 0.0014245]
2 0 231 [0. 1.] [9.99168053e-01 8.31946755e-04]
2 0 232 [0. 1.] [0.99833887 0.00166113]
2 0 233 [0. 1.] [9.98003992e-04 9.99001996e-01]
2 0 234 [0. 1.] [9.99092559e-01 9.07441016e-04]
2 0 235 [0. 1.] [9.07441016e-04 9.99092559e-01]
2 0 236 [0. 1.] [0.99889135 0.00110865]
2 0 237 [0. 1.] [0.00110865 0.99889135]
2 0 238 [0. 1.] [0.99751244 0.00248756]
2 0 239 [0. 1.] [0.99875312 0.00124688]
2 0 240 [0. 1.] [0.9985755 0.0014245]
2 0 241 [0. 1.] [0.9985755 0.0014245]
2 0 242 [0. 1.] [8.31946755e-04 9.99168053e-01]
2 0 243 [0. 1.] [0.99875312 0.00124688]
2 0 244 [0. 1.] [0.99668874 0.00331126]
2 0 245 [0. 1.] [0.99889135 0.00110865]
2 0 246 [0. 1.] [9.98003992e-04 9.99001996e-01]
2 0 247 [0. 1.] [0.9985755 0.0014245]
2 0 248 [0. 1.] [0.99800797 0.00199203]
2 0 249 [0. 1.] [0.9985755 0.0014245]
2 0 250 [0. 1.] [0.99889135 0.00110865]
2 0 251 [0. 1.] [0.99800797 0.00199203]
2 0 252 [0. 1.] [0.99875312 0.00124688]
2 0 253 [0. 1.] [0.99833887 0.00166113]
2 0 254 [0. 1.] [6.65778961e-04 9.99334221e-01]
2 0 255 [0. 1.] [0.00124688 0.99875312]
2 0 256 [0. 1.] [0.99833887 0.00166113]
2 0 257 [0. 1.] [0.99751244 0.00248756]
2 0 258 [0. 1.] [0.0014245 0.9985755]
2 0 259 [0. 1.] [9.99092559e-01 9.07441016e-04]
2 0 260 [0. 1.] [9.07441016e-04 9.99092559e-01]
2 0 261 [0. 1.] [0.07757296 0.92242704]
2 0 262 [0. 1.] [9.98003992e-04 9.99001996e-01]
2 0 263 [0. 1.] [9.99286733e-01 7.13266762e-04]
2 0 264 [0. 1.] [9.99231951e-01 7.68049155e-04]
2 0 265 [0. 1.] [0.00110865 0.99889135]
2 0 266 [0. 1.] [0.9985755 0.0014245]
2 0 267 [0. 1.] [9.99168053e-01 8.31946755e-04]
2 0 268 [0. 1.] [9.98003992e-04 9.99001996e-01]
2 0 269 [0. 1.] [9.07441016e-04 9.99092559e-01]
2 0 270 [0. 1.] [0.00124688 0.99875312]
2 0 271 [0. 1.] [0.00110865 0.99889135]
2 0 272 [0. 1.] [9.98003992e-04 9.99001996e-01]
2 0 273 [0. 1.] [8.31946755e-04 9.99168053e-01]
2 0 274 [0. 1.] [9.99092559e-01 9.07441016e-04]
2 0 275 [0. 1.] [0.99800797 0.00199203]
2 0 276 [0. 1.] [0.99668874 0.00331126]
2 0 277 [0. 1.] [9.99001996e-01 9.98003992e-04]
2 0 278 [0. 1.] [0.99751244 0.00248756]
2 0 279 [0. 1.] [0.99889135 0.00110865]
2 0 280 [0. 1.] [0.99751244 0.00248756]
2 0 281 [0. 1.] [9.99334221e-01 6.65778961e-04]
2 0 282 [0. 1.] [7.68049155e-04 9.99231951e-01]
2 0 283 [0. 1.] [0.99800797 0.00199203]
2 0 284 [0. 1.] [0.09165154 0.90834846]
2 0 285 [0. 1.] [9.99001996e-01 9.98003992e-04]
2 0 286 [0. 1.] [9.98003992e-04 9.99001996e-01]
2 0 287 [0. 1.] [0.9985755 0.0014245]
2 0 288 [0. 1.] [8.31946755e-04 9.99168053e-01]
2 0 289 [0. 1.] [0.99875312 0.00124688]
2 1 1 [0. 1.] [0.99833887 0.00166113]
2 1 2 [0. 1.] [0.99751244 0.00248756]
2 1 3 [0. 1.] [0.99800797 0.00199203]
2 1 4 [0. 1.] [8.31946755e-04 9.99168053e-01]
2 1 5 [0. 1.] [0.99833887 0.00166113]
2 1 6 [0. 1.] [0.99668874 0.00331126]
2 1 7 [0. 1.] [0.99875312 0.00124688]
2 1 8 [0. 1.] [0.99875312 0.00124688]
2 1 9 [0. 1.] [0.99889135 0.00110865]
2 1 10 [0. 1.] [0.99751244 0.00248756]
2 1 11 [0. 1.] [9.99168053e-01 8.31946755e-04]
2 1 12 [0. 1.] [9.99286733e-01 7.13266762e-04]
2 1 13 [0. 1.] [9.99168053e-01 8.31946755e-04]
2 1 14 [0. 1.] [0.00110865 0.99889135]
2 1 15 [0. 1.] [0.99833887 0.00166113]
2 1 16 [0. 1.] [0.99668874 0.00331126]
2 1 17 [0. 1.] [0.9985755 0.0014245]
2 2 1 [0. 1.] [9.99168053e-01 8.31946755e-04]
2 2 2 [0. 1.] [0.99875312 0.00124688]
2 2 3 [0. 1.] [0.99875312 0.00124688]
2 2 4 [0. 1.] [0.99800797 0.00199203]
2 2 5 [0. 1.] [9.98003992e-04 9.99001996e-01]
2 2 6 [0. 1.] [0.9985755 0.0014245]
2 2 7 [0. 1.] [9.99092559e-01 9.07441016e-04]
2 2 8 [0. 1.] [0.99800797 0.00199203]
2 2 9 [0. 1.] [0.99668874 0.00331126]
2 2 10 [0. 1.] [0.99800797 0.00199203]
2 2 11 [0. 1.] [0.99875312 0.00124688]
2 2 12 [0. 1.] [9.99001996e-01 9.98003992e-04]
2 2 13 [0. 1.] [0.99833887 0.00166113]
2 2 14 [0. 1.] [0.9985755 0.0014245]
2 2 15 [0. 1.] [0.99889135 0.00110865]
2 2 16 [0. 1.] [0.99875312 0.00124688]
2 2 17 [0. 1.] [0.99889135 0.00110865]
2 2 18 [0. 1.] [0.9950495 0.0049505]
2 2 19 [0. 1.] [0.99751244 0.00248756]
2 2 20 [0. 1.] [0.9985755 0.0014245]
2 2 21 [0. 1.] [0.99751244 0.00248756]
2 2 22 [0. 1.] [9.99168053e-01 8.31946755e-04]
2 2 23 [0. 1.] [0.99875312 0.00124688]
2 2 24 [0. 1.] [0.99889135 0.00110865]
2 2 25 [0. 1.] [0.9985755 0.0014245]
2 2 26 [0. 1.] [9.99231951e-01 7.68049155e-04]
2 2 27 [0. 1.] [9.99092559e-01 9.07441016e-04]
2 2 28 [0. 1.] [0.99875312 0.00124688]
2 2 29 [0. 1.] [0.99800797 0.00199203]
2 2 30 [0. 1.] [0.00124688 0.99875312]
2 2 31 [0. 1.] [0.9985755 0.0014245]
2 2 32 [0. 1.] [0.99889135 0.00110865]
2 2 33 [0. 1.] [9.99092559e-01 9.07441016e-04]
2 2 34 [0. 1.] [0.99751244 0.00248756]
2 2 35 [0. 1.] [0.9985755 0.0014245]
2 3 1 [0. 1.] [9.99412456e-01 5.87544066e-04]
2 3 2 [0. 1.] [0.99875312 0.00124688]
2 3 3 [0. 1.] [9.99231951e-01 7.68049155e-04]
2 3 4 [0. 1.] [0.9985755 0.0014245]
2 3 5 [0. 1.] [9.99168053e-01 8.31946755e-04]
2 3 6 [0. 1.] [0.9985755 0.0014245]
2 3 7 [0. 1.] [0.99751244 0.00248756]
2 3 8 [0. 1.] [0.99800797 0.00199203]
2 3 9 [0. 1.] [9.99092559e-01 9.07441016e-04]
2 3 10 [0. 1.] [0.99800797 0.00199203]
2 3 11 [0. 1.] [0.9985755 0.0014245]
2 3 12 [0. 1.] [0.99889135 0.00110865]
2 3 13 [0. 1.] [0.99875312 0.00124688]
2 3 14 [0. 1.] [9.99168053e-01 8.31946755e-04]
2 3 15 [0. 1.] [9.99375780e-01 6.24219725e-04]
2 3 16 [0. 1.] [0.9985755 0.0014245]
2 3 17 [0. 1.] [0.9985755 0.0014245]
2 3 18 [0. 1.] [0.99889135 0.00110865]
2 3 19 [0. 1.] [0.9985755 0.0014245]
2 3 20 [0. 1.] [0.99800797 0.00199203]
2 3 21 [0. 1.] [0.99875312 0.00124688]
2 3 22 [0. 1.] [0.99875312 0.00124688]
2 3 23 [0. 1.] [0.9985755 0.0014245]
2 3 24 [0. 1.] [0.99800797 0.00199203]
2 3 25 [0. 1.] [0.99800797 0.00199203]
2 3 26 [0. 1.] [0.9985755 0.0014245]
2 3 27 [0. 1.] [0.99875312 0.00124688]
2 3 28 [0. 1. 0.] [0.99602386 0.00198807 0.00198807]
2 3 29 [0. 1.] [0.99889135 0.00110865]
2 3 30 [0. 1.] [9.99001996e-01 9.98003992e-04]
2 3 31 [0. 1.] [0.99668874 0.00331126]
2 3 32 [0. 1.] [0.9985755 0.0014245]
2 3 33 [0. 1.] [9.99092559e-01 9.07441016e-04]
2 3 34 [0. 1.] [9.99001996e-01 9.98003992e-04]
2 3 35 [0. 1.] [0.99833887 0.00166113]
2 3 36 [0. 1.] [0.99800797 0.00199203]
2 3 37 [0. 1.] [0.9985755 0.0014245]
2 3 38 [0. 1.] [0.99800797 0.00199203]
2 3 39 [0. 1.] [0.99751244 0.00248756]
2 3 40 [0. 1.] [9.99286733e-01 7.13266762e-04]
2 3 41 [0. 1.] [9.99168053e-01 8.31946755e-04]
2 3 42 [0. 1.] [9.99001996e-01 9.98003992e-04]
2 3 43 [0. 1.] [0.99889135 0.00110865]
2 3 44 [0. 1.] [0.99668874 0.00331126]
2 3 45 [0. 1.] [0.99751244 0.00248756]
2 3 46 [0. 1.] [0.99875312 0.00124688]
2 3 47 [0. 1.] [0.99800797 0.00199203]
2 3 48 [0. 1.] [0.99833887 0.00166113]
2 3 49 [0. 1.] [0.99833887 0.00166113]
2 3 50 [0. 1.] [9.99001996e-01 9.98003992e-04]
2 3 51 [0. 1.] [0.99751244 0.00248756]
2 3 52 [0. 1.] [9.99001996e-01 9.98003992e-04]
2 3 53 [0. 1.] [0.9985755 0.0014245]
2 3 54 [0. 1.] [0.99833887 0.00166113]
2 3 55 [0. 1.] [0.99889135 0.00110865]
2 3 56 [0. 1. 0.] [0.99750934 0.00124533 0.00124533]
2 3 57 [0. 1.] [0.99668874 0.00331126]
2 3 58 [0. 1.] [9.99092559e-01 9.07441016e-04]
2 3 59 [0. 1.] [9.99092559e-01 9.07441016e-04]
2 3 60 [0. 1.] [0.99889135 0.00110865]
2 3 61 [0. 1.] [9.99001996e-01 9.98003992e-04]
2 3 62 [0. 1.] [0.99833887 0.00166113]
2 3 63 [0. 1.] [0.99889135 0.00110865]
2 3 64 [0. 1.] [0.9985755 0.0014245]
2 3 65 [0. 1.] [9.99001996e-01 9.98003992e-04]
2 3 66 [0. 1.] [0.99800797 0.00199203]
2 3 67 [0. 1.] [0.99800797 0.00199203]
2 3 68 [0. 1.] [0.9985755 0.0014245]
2 3 69 [0. 1.] [9.99168053e-01 8.31946755e-04]
2 3 70 [0. 1.] [0.99800797 0.00199203]
2 3 71 [0. 1.] [0.99833887 0.00166113]
2 3 72 [0. 1.] [0.99751244 0.00248756]
2 3 73 [0. 1.] [9.99001996e-01 9.98003992e-04]
2 3 74 [0. 1.] [0.99875312 0.00124688]
2 3 75 [0. 1.] [0.99800797 0.00199203]
2 3 76 [0. 1.] [0.99875312 0.00124688]
2 3 77 [0. 1.] [9.99231951e-01 7.68049155e-04]
2 3 78 [0. 1.] [0.99833887 0.00166113]
2 3 79 [0. 1.] [9.99001996e-01 9.98003992e-04]
2 3 80 [0. 1.] [0.9985755 0.0014245]
2 3 81 [0. 1.] [0.99833887 0.00166113]
2 3 82 [0. 1.] [0.99668874 0.00331126]
2 3 83 [0. 1.] [0.99800797 0.00199203]
2 3 84 [0. 1.] [9.99001996e-01 9.98003992e-04]
2 3 85 [0. 1.] [0.99875312 0.00124688]
2 3 86 [0. 1.] [9.99092559e-01 9.07441016e-04]
2 3 87 [0. 1.] [0.9985755 0.0014245]
2 3 88 [0. 1.] [0.99800797 0.00199203]
2 3 89 [0. 1.] [0.9985755 0.0014245]
2 4 1 [0. 1.] [0.99875312 0.00124688]
2 4 2 [0. 1.] [0.99668874 0.00331126]
2 4 3 [0. 1.] [0.99889135 0.00110865]
2 4 4 [0. 1.] [0.9985755 0.0014245]
2 4 5 [0. 1.] [0.99751244 0.00248756]
2 4 6 [0. 1.] [0.99751244 0.00248756]
2 4 7 [0. 1.] [9.99001996e-01 9.98003992e-04]
2 4 8 [0. 1.] [0.9985755 0.0014245]
2 4 9 [0. 1.] [0.99833887 0.00166113]
2 4 10 [0. 1.] [0.99875312 0.00124688]
2 4 11 [0. 1.] [0.99800797 0.00199203]
2 4 12 [0. 1.] [0.99751244 0.00248756]
2 4 13 [0. 1.] [0.99800797 0.00199203]
2 4 14 [0. 1.] [9.99168053e-01 8.31946755e-04]
2 4 15 [0. 1.] [0.9985755 0.0014245]
2 4 16 [0. 1.] [0.99875312 0.00124688]
2 4 17 [0. 1.] [0.99668874 0.00331126]
2 4 18 [0. 1.] [9.99001996e-01 9.98003992e-04]
2 4 19 [0. 1.] [9.99001996e-01 9.98003992e-04]
2 4 20 [0. 1.] [0.99751244 0.00248756]
2 4 21 [0. 1.] [9.99334221e-01 6.65778961e-04]
2 4 22 [0. 1.] [0.99875312 0.00124688]
2 4 23 [0. 1.] [9.99092559e-01 9.07441016e-04]
2 4 24 [0. 1.] [0.99875312 0.00124688]
2 4 25 [0. 1.] [0.99889135 0.00110865]
2 4 26 [0. 1.] [0.99800797 0.00199203]
2 4 27 [0. 1.] [0.99875312 0.00124688]
2 4 28 [0. 1.] [0.99751244 0.00248756]
2 4 29 [0. 1.] [0.9985755 0.0014245]
2 4 30 [0. 1.] [0.99875312 0.00124688]
2 4 31 [0. 1.] [0.99875312 0.00124688]
2 4 32 [0. 1.] [0.99800797 0.00199203]
2 4 33 [0. 1.] [9.99001996e-01 9.98003992e-04]
2 4 34 [0. 1.] [0.9950495 0.0049505]
2 4 35 [0. 1.] [0.99875312 0.00124688]
2 4 36 [0. 1.] [0.99800797 0.00199203]
2 4 37 [0. 1.] [0.99668874 0.00331126]
2 4 38 [0. 1.] [0.99833887 0.00166113]
2 4 39 [0. 1.] [0.9985755 0.0014245]
2 4 40 [0. 1.] [9.99092559e-01 9.07441016e-04]
2 4 41 [0. 1.] [0.99833887 0.00166113]
2 4 42 [0. 1.] [0.99668874 0.00331126]
2 4 43 [0. 1.] [9.99231951e-01 7.68049155e-04]
2 4 44 [0. 1.] [0.99889135 0.00110865]
2 4 45 [0. 1.] [0.99875312 0.00124688]
2 4 46 [0. 1.] [0.99875312 0.00124688]
2 4 47 [0. 1.] [9.99092559e-01 9.07441016e-04]
2 4 48 [0. 1.] [0.99751244 0.00248756]
2 4 49 [0. 1.] [0.99800797 0.00199203]
2 4 50 [0. 1.] [9.99001996e-01 9.98003992e-04]
2 4 51 [0. 1.] [0.99833887 0.00166113]
2 4 52 [0. 1.] [0.99889135 0.00110865]
2 4 53 [0. 1.] [0.99833887 0.00166113]
2 4 54 [0. 1.] [0.99889135 0.00110865]
2 4 55 [0. 1.] [9.99286733e-01 7.13266762e-04]
2 4 56 [0. 1.] [9.99334221e-01 6.65778961e-04]
2 4 57 [0. 1.] [0.99833887 0.00166113]
2 4 58 [0. 1.] [0.99889135 0.00110865]
2 5 1 [0. 1.] [0.5 0.5]
2 5 2 [0. 1.] [0.9985755 0.0014245]
2 5 3 [0. 1.] [0.9985755 0.0014245]
2 5 4 [0. 1.] [0.99889135 0.00110865]
2 5 5 [0. 1.] [0.99833887 0.00166113]
2 5 6 [0. 1.] [0.9985755 0.0014245]
2 5 7 [0. 1.] [0.99800797 0.00199203]
2 5 8 [0. 1.] [0.5 0.5]
2 5 9 [0. 1.] [0.99800797 0.00199203]
2 5 10 [0. 1.] [0.9985755 0.0014245]
2 5 11 [0. 1.] [0.5 0.5]
2 5 12 [0. 1.] [0.9985755 0.0014245]
2 5 13 [0. 1.] [0.99889135 0.00110865]
2 5 14 [0. 1.] [0.99833887 0.00166113]
2 5 15 [0. 1.] [0.99889135 0.00110865]
2 5 16 [0. 1.] [0.99751244 0.00248756]
2 5 17 [0. 1.] [0.5 0.5]
2 5 18 [0. 1.] [0.99889135 0.00110865]
2 5 19 [0. 1.] [0.5 0.5]
2 5 20 [0. 1.] [0.99889135 0.00110865]
2 5 21 [0. 1.] [0.99800797 0.00199203]
2 5 22 [0. 1.] [0.5 0.5]
2 5 23 [0. 1.] [0.99833887 0.00166113]
2 5 24 [0. 1.] [9.99092559e-01 9.07441016e-04]
2 5 25 [0. 1.] [0.99833887 0.00166113]
2 5 26 [0. 1.] [0.9985755 0.0014245]
2 5 27 [0. 1.] [0.99889135 0.00110865]
2 5 28 [0. 1.] [0.99019608 0.00980392]
2 5 29 [0. 1.] [0.9985755 0.0014245]
2 5 30 [0. 1.] [9.99168053e-01 8.31946755e-04]
2 5 31 [0. 1.] [0.5 0.5]
2 5 32 [0. 1.] [0.99875312 0.00124688]
2 5 33 [0. 1.] [0.5 0.5]
2 5 34 [0. 1.] [0.99833887 0.00166113]
2 5 35 [0. 1.] [0.5 0.5]
2 5 36 [0. 1.] [9.99092559e-01 9.07441016e-04]
2 5 37 [0. 1.] [0.5 0.5]
2 5 38 [0. 1.] [9.99001996e-01 9.98003992e-04]
2 5 39 [0. 1.] [0.99889135 0.00110865]
2 5 40 [0. 1.] [0.5 0.5]
2 5 41 [0. 1.] [0.99833887 0.00166113]
2 5 42 [0. 1.] [9.99092559e-01 9.07441016e-04]
2 5 43 [0. 1.] [0.9985755 0.0014245]
2 5 44 [0. 1.] [0.99800797 0.00199203]
2 5 45 [0. 1.] [0.5 0.5]
2 5 46 [0. 1.] [0.5 0.5]
2 5 47 [0. 1.] [0.5 0.5]
2 5 48 [0. 1.] [0.5 0.5]
2 5 49 [0. 1.] [0.99889135 0.00110865]
2 5 50 [0. 1.] [9.99231951e-01 7.68049155e-04]
2 5 51 [0. 1.] [0.9985755 0.0014245]
2 5 52 [0. 1.] [0.99800797 0.00199203]
2 5 53 [0. 1.] [0.99833887 0.00166113]
2 5 54 [0. 1.] [0.99875312 0.00124688]
2 5 55 [0. 1.] [0.99800797 0.00199203]
2 5 56 [0. 1.] [0.99833887 0.00166113]
2 5 57 [0. 1.] [0.99875312 0.00124688]
2 5 58 [0. 1.] [0.99889135 0.00110865]
2 5 59 [0. 1.] [9.99092559e-01 9.07441016e-04]
2 5 60 [0. 1.] [0.9985755 0.0014245]
2 5 61 [0. 1.] [0.99833887 0.00166113]
2 6 1 [0. 1.] [0.9985755 0.0014245]
2 6 2 [0. 1.] [0.99800797 0.00199203]
2 6 3 [0. 1.] [0.5 0.5]
2 6 4 [0. 1.] [0.5 0.5]
2 6 5 [0. 1.] [0.5 0.5]
2 6 6 [0. 1.] [0.99800797 0.00199203]
2 6 7 [0. 1.] [0.99833887 0.00166113]
2 6 8 [0. 1.] [0.99833887 0.00166113]
2 6 9 [0. 1.] [0.99800797 0.00199203]
2 6 10 [0. 1.] [0.5 0.5]
2 6 11 [0. 1.] [9.99001996e-01 9.98003992e-04]
2 6 12 [0. 1.] [0.99833887 0.00166113]
2 6 13 [0. 1.] [0.99875312 0.00124688]
2 6 14 [0. 1.] [9.99001996e-01 9.98003992e-04]
2 6 15 [0. 1.] [0.99875312 0.00124688]
2 6 16 [0. 1.] [9.99168053e-01 8.31946755e-04]
2 6 17 [0. 1.] [0.99833887 0.00166113]
2 6 18 [0. 1.] [0.99833887 0.00166113]
2 6 19 [0. 1.] [9.99092559e-01 9.07441016e-04]
2 6 20 [0. 1.] [0.99875312 0.00124688]
2 6 21 [0. 1.] [0.9985755 0.0014245]
2 6 22 [0. 1.] [0.5 0.5]
2 6 23 [0. 1.] [0.99889135 0.00110865]
2 6 24 [0. 1.] [0.99833887 0.00166113]
2 6 25 [0. 1.] [0.99833887 0.00166113]
2 6 26 [0. 1.] [9.99231951e-01 7.68049155e-04]
2 6 27 [0. 1.] [0.9985755 0.0014245]
2 6 28 [0. 1.] [0.99800797 0.00199203]
2 6 29 [0. 1.] [0.99889135 0.00110865]
2 6 30 [0. 1.] [9.99092559e-01 9.07441016e-04]
2 6 31 [0. 1.] [0.99833887 0.00166113]
2 6 32 [0. 1.] [9.99168053e-01 8.31946755e-04]
2 6 33 [0. 1.] [0.99800797 0.00199203]
2 6 34 [0. 1.] [0.5 0.5]
2 6 35 [0. 1.] [0.99833887 0.00166113]
2 6 36 [0. 1.] [0.5 0.5]
2 6 37 [0. 1.] [0.99889135 0.00110865]
2 6 38 [0. 1.] [0.99875312 0.00124688]
2 6 39 [0. 1.] [0.5 0.5]
2 6 40 [0. 1.] [0.99889135 0.00110865]
2 6 41 [0. 1.] [0.5 0.5]
2 6 42 [0. 1.] [0.99875312 0.00124688]
2 6 43 [0. 1.] [9.99168053e-01 8.31946755e-04]
2 6 44 [0. 1.] [0.99889135 0.00110865]
2 6 45 [0. 1.] [0.9985755 0.0014245]
2 6 46 [0. 1.] [0.99833887 0.00166113]
2 6 47 [0. 1.] [0.5 0.5]
2 6 48 [0. 1.] [0.99019608 0.00980392]
2 6 49 [0. 1.] [0.5 0.5]
2 6 50 [0. 1.] [9.99092559e-01 9.07441016e-04]
2 6 51 [0. 1.] [0.99751244 0.00248756]
2 6 52 [0. 1.] [0.5 0.5]
2 6 53 [0. 1.] [9.99474238e-01 5.25762355e-04]
2 6 54 [0. 1.] [0.5 0.5]
2 6 55 [0. 1.] [9.99092559e-01 9.07441016e-04]
2 6 56 [0. 1.] [9.99092559e-01 9.07441016e-04]
2 6 57 [0. 1.] [0.5 0.5]
2 6 58 [0. 1.] [0.9985755 0.0014245]
2 6 59 [0. 1.] [0.5 0.5]
2 6 60 [0. 1.] [0.99875312 0.00124688]
2 6 61 [0. 1.] [9.99092559e-01 9.07441016e-04]
2 6 62 [0. 1.] [9.99092559e-01 9.07441016e-04]
2 6 63 [0. 1.] [0.5 0.5]
2 6 64 [0. 1.] [0.9985755 0.0014245]
2 7 1 [0. 1.] [0.5 0.5]
2 7 2 [0. 1.] [0.5 0.5]
2 7 3 [0. 1.] [0.5 0.5]
2 7 4 [0. 1.] [0.99019608 0.00980392]
2 7 5 [0. 1.] [0.5 0.5]
2 7 6 [0. 1.] [0.5 0.5]
2 7 7 [0. 1.] [0.5 0.5]
2 7 8 [0. 1.] [0.5 0.5]
2 7 9 [0. 1.] [0.99019608 0.00980392]
2 7 10 [0. 1.] [0.5 0.5]
2 7 11 [0. 1.] [0.5 0.5]
2 7 12 [0. 1.] [0.99019608 0.00980392]
2 7 13 [0. 1.] [0.5 0.5]
2 7 14 [0. 1.] [0.5 0.5]
2 8 1 [0. 1.] [9.99001996e-01 9.98003992e-04]
2 8 2 [0. 1.] [0.9985755 0.0014245]
2 8 3 [0. 1.] [0.99875312 0.00124688]
2 8 4 [0. 1.] [0.9985755 0.0014245]
2 8 5 [0. 1.] [0.99800797 0.00199203]
2 8 6 [0. 1.] [0.99833887 0.00166113]
2 8 7 [0. 1.] [9.99092559e-01 9.07441016e-04]
2 8 8 [0. 1.] [0.99833887 0.00166113]
2 8 9 [0. 1.] [0.99833887 0.00166113]
2 8 10 [0. 1.] [0.99875312 0.00124688]
2 8 11 [0. 1.] [9.99231951e-01 7.68049155e-04]
2 8 12 [0. 1.] [0.9985755 0.0014245]
2 8 13 [0. 1.] [0.99875312 0.00124688]
2 8 14 [0. 1.] [0.99751244 0.00248756]
2 8 15 [0. 1.] [0.99875312 0.00124688]
2 8 16 [0. 1.] [0.99751244 0.00248756]
2 8 17 [0. 1.] [0.9985755 0.0014245]
2 8 18 [0. 1.] [0.99833887 0.00166113]
2 8 19 [0. 1.] [0.99889135 0.00110865]
2 8 20 [0. 1.] [9.99092559e-01 9.07441016e-04]
2 8 21 [0. 1.] [0.99800797 0.00199203]
2 8 22 [0. 1.] [0.99833887 0.00166113]
2 8 23 [0. 1.] [0.99889135 0.00110865]
2 8 24 [0. 1.] [0.99800797 0.00199203]
2 8 25 [0. 1.] [9.99001996e-01 9.98003992e-04]
2 8 26 [0. 1.] [9.99001996e-01 9.98003992e-04]
2 8 27 [0. 1.] [0.99875312 0.00124688]
2 8 28 [0. 1.] [0.99833887 0.00166113]
2 8 29 [0. 1.] [0.99889135 0.00110865]
2 8 30 [0. 1.] [0.99889135 0.00110865]
2 8 31 [0. 1.] [0.99875312 0.00124688]
2 8 32 [0. 1.] [0.99875312 0.00124688]
2 8 33 [0. 1.] [0.99875312 0.00124688]
2 8 34 [0. 1.] [0.99751244 0.00248756]
2 8 35 [0. 1.] [0.99800797 0.00199203]
2 8 36 [0. 1.] [9.99092559e-01 9.07441016e-04]
2 8 37 [0. 1.] [0.99668874 0.00331126]
2 8 38 [0. 1.] [0.99875312 0.00124688]
2 8 39 [0. 1.] [0.99875312 0.00124688]
2 8 40 [0. 1.] [9.99001996e-01 9.98003992e-04]
2 8 41 [0. 1.] [0.99889135 0.00110865]
2 8 42 [0. 1.] [9.99412456e-01 5.87544066e-04]
2 8 43 [0. 1.] [0.9985755 0.0014245]
2 8 44 [0. 1.] [0.9985755 0.0014245]
2 8 45 [0. 1.] [9.99001996e-01 9.98003992e-04]
2 8 46 [0. 1.] [9.99001996e-01 9.98003992e-04]
2 8 47 [0. 1.] [0.99800797 0.00199203]
2 8 48 [0. 1.] [0.9985755 0.0014245]
2 8 49 [0. 1.] [0.9985755 0.0014245]
2 8 50 [0. 1.] [0.99875312 0.00124688]
2 8 51 [0. 1.] [0.99751244 0.00248756]
2 8 52 [0. 1.] [0.9985755 0.0014245]
2 8 53 [0. 1.] [0.9985755 0.0014245]
2 8 54 [0. 1.] [9.99001996e-01 9.98003992e-04]
2 8 55 [0. 1.] [0.9985755 0.0014245]
2 8 56 [0. 1.] [9.99001996e-01 9.98003992e-04]
2 8 57 [0. 1.] [0.9985755 0.0014245]
2 8 58 [0. 1.] [0.99833887 0.00166113]
2 8 59 [0. 1.] [0.99800797 0.00199203]
2 8 60 [0. 1.] [9.99092559e-01 9.07441016e-04]
2 8 61 [0. 1.] [0.9985755 0.0014245]
2 8 62 [0. 1.] [0.99751244 0.00248756]
2 8 63 [0. 1.] [9.99168053e-01 8.31946755e-04]
2 8 64 [0. 1.] [9.99001996e-01 9.98003992e-04]
2 8 65 [0. 1.] [9.99001996e-01 9.98003992e-04]
2 8 66 [0. 1.] [9.99092559e-01 9.07441016e-04]
2 8 67 [0. 1.] [0.99833887 0.00166113]
2 8 68 [0. 1.] [0.99889135 0.00110865]
2 8 69 [0. 1.] [0.99889135 0.00110865]
2 8 70 [0. 1.] [0.9985755 0.0014245]
2 8 71 [0. 1.] [0.99875312 0.00124688]
2 8 72 [0. 1.] [0.99889135 0.00110865]
2 8 73 [0. 1.] [0.99751244 0.00248756]
2 8 74 [0. 1.] [9.99001996e-01 9.98003992e-04]
2 8 75 [0. 1.] [9.99231951e-01 7.68049155e-04]
2 8 76 [0. 1.] [0.99668874 0.00331126]
2 8 77 [0. 1.] [0.99800797 0.00199203]
2 8 78 [0. 1.] [0.99800797 0.00199203]
2 8 79 [0. 1.] [0.99833887 0.00166113]
2 8 80 [0. 1.] [0.99800797 0.00199203]
2 8 81 [0. 1.] [0.9985755 0.0014245]
2 8 82 [0. 1.] [0.99800797 0.00199203]
2 8 83 [0. 1.] [0.99875312 0.00124688]
2 8 84 [0. 1.] [0.99889135 0.00110865]
2 8 85 [0. 1.] [0.99833887 0.00166113]
2 8 86 [0. 1.] [9.99001996e-01 9.98003992e-04]
2 8 87 [0. 1.] [0.99800797 0.00199203]
2 8 88 [0. 1.] [0.99751244 0.00248756]
2 8 89 [0. 1.] [0.99833887 0.00166113]
2 8 90 [0. 1.] [0.99875312 0.00124688]
2 8 91 [0. 1.] [0.99833887 0.00166113]
2 8 92 [0. 1.] [0.99800797 0.00199203]
2 8 93 [0. 1.] [0.9985755 0.0014245]
2 8 94 [0. 1.] [0.99751244 0.00248756]
2 8 95 [0. 1.] [0.99889135 0.00110865]
2 8 96 [0. 1.] [9.99001996e-01 9.98003992e-04]
2 8 97 [0. 1.] [0.99889135 0.00110865]
2 8 98 [0. 1.] [0.99875312 0.00124688]
2 8 99 [0. 1.] [9.99092559e-01 9.07441016e-04]
2 8 100 [0. 1.] [0.99751244 0.00248756]
2 8 101 [0. 1.] [0.99889135 0.00110865]
2 8 102 [0. 1.] [0.99833887 0.00166113]
2 8 103 [0. 1.] [9.99092559e-01 9.07441016e-04]
2 8 104 [0. 1.] [9.99001996e-01 9.98003992e-04]
2 8 105 [0. 1.] [0.99751244 0.00248756]
2 8 106 [0. 1.] [0.99889135 0.00110865]
2 8 107 [0. 1.] [9.99231951e-01 7.68049155e-04]
2 8 108 [0. 1.] [0.99889135 0.00110865]
2 8 109 [0. 1.] [9.99001996e-01 9.98003992e-04]
2 8 110 [0. 1.] [0.9985755 0.0014245]
2 8 111 [0. 1.] [9.99286733e-01 7.13266762e-04]
2 8 112 [0. 1.] [0.9985755 0.0014245]
2 8 113 [0. 1.] [9.99168053e-01 8.31946755e-04]
2 8 114 [0. 1.] [9.99168053e-01 8.31946755e-04]
2 8 115 [0. 1.] [0.99875312 0.00124688]
2 8 116 [0. 1.] [0.99751244 0.00248756]
2 8 117 [0. 1.] [9.99092559e-01 9.07441016e-04]
2 8 118 [0. 1.] [9.99001996e-01 9.98003992e-04]
2 8 119 [0. 1.] [9.99168053e-01 8.31946755e-04]
2 8 120 [0. 1.] [0.99800797 0.00199203]
2 8 121 [0. 1.] [0.99875312 0.00124688]
2 8 122 [0. 1.] [0.99800797 0.00199203]
2 8 123 [0. 1.] [0.9985755 0.0014245]
2 8 124 [0. 1.] [0.9950495 0.0049505]
2 8 125 [0. 1.] [0.99751244 0.00248756]
2 8 126 [0. 1.] [0.99889135 0.00110865]
2 8 127 [0. 1.] [0.99751244 0.00248756]
2 8 128 [0. 1.] [0.99889135 0.00110865]
2 8 129 [0. 1.] [0.99800797 0.00199203]
2 8 130 [0. 1.] [0.99889135 0.00110865]
2 8 131 [0. 1.] [0.99875312 0.00124688]
2 8 132 [0. 1.] [9.99168053e-01 8.31946755e-04]
2 8 133 [0. 1.] [0.99833887 0.00166113]
2 8 134 [0. 1.] [9.99231951e-01 7.68049155e-04]
2 8 135 [0. 1.] [0.99889135 0.00110865]
2 8 136 [0. 1.] [0.99833887 0.00166113]
2 8 137 [0. 1.] [9.99092559e-01 9.07441016e-04]
2 8 138 [0. 1.] [0.99833887 0.00166113]
2 9 1 [0. 1.] [0.99889135 0.00110865]
2 9 2 [0. 1.] [0.99875312 0.00124688]
2 9 3 [0. 1.] [0.99889135 0.00110865]
2 9 4 [0. 1.] [0.99668874 0.00331126]
2 9 5 [0. 1.] [0.99800797 0.00199203]
2 9 6 [0. 1.] [0.99751244 0.00248756]
2 9 7 [0. 1.] [0.99751244 0.00248756]
2 9 8 [0. 1.] [0.9985755 0.0014245]
2 9 9 [0. 1.] [9.99001996e-01 9.98003992e-04]
2 9 10 [0. 1.] [0.99833887 0.00166113]
2 9 11 [0. 1.] [0.9985755 0.0014245]
2 9 12 [0. 1.] [0.99751244 0.00248756]
2 9 13 [0. 1.] [0.99833887 0.00166113]
2 10 1 [0. 1.] [0.9985755 0.0014245]
2 10 2 [0. 1.] [0.99833887 0.00166113]
2 10 3 [0. 1.] [0.99751244 0.00248756]
2 10 4 [0. 1.] [0.99889135 0.00110865]
2 10 5 [0. 1.] [9.99092559e-01 9.07441016e-04]
2 10 6 [0. 1.] [9.99092559e-01 9.07441016e-04]
2 11 1 [1. 0.] [0.00166113 0.99833887]
2 11 2 [1. 0.] [0.00110865 0.99889135]
2 11 3 [1. 0.] [0.00124688 0.99875312]
2 11 4 [1. 0.] [0.00331126 0.99668874]
2 11 5 [1. 0.] [0.00331126 0.99668874]
2 11 6 [1. 0.] [0.00248756 0.99751244]
2 11 7 [1. 0.] [0.00124688 0.99875312]
2 11 8 [1. 0.] [0.00199203 0.99800797]
2 11 9 [1. 0.] [0.00331126 0.99668874]
2 11 10 [1. 0.] [0.00248756 0.99751244]
2 11 11 [1. 0.] [0.00110865 0.99889135]
2 11 12 [1. 0.] [0.00248756 0.99751244]
2 11 13 [1. 0.] [0.00110865 0.99889135]
2 11 14 [1. 0.] [0.00166113 0.99833887]
2 11 15 [1. 0.] [9.07441016e-04 9.99092559e-01]
2 11 16 [1. 0.] [0.00110865 0.99889135]
2 11 17 [1. 0.] [0.00110865 0.99889135]
2 11 18 [1. 0.] [9.07441016e-04 9.99092559e-01]
2 11 19 [1. 0.] [0.0014245 0.9985755]
2 11 20 [1. 0.] [0.0014245 0.9985755]
2 11 21 [1. 0.] [0.00248756 0.99751244]
2 11 22 [1. 0.] [0.00166113 0.99833887]
2 11 23 [1. 0.] [0.00124688 0.99875312]
2 11 24 [1. 0.] [0.0014245 0.9985755]
2 11 25 [1. 0.] [0.00124688 0.99875312]
2 11 26 [1. 0.] [7.68049155e-04 9.99231951e-01]
2 11 27 [1. 0.] [0.00110865 0.99889135]
2 11 28 [1. 0.] [0.00248756 0.99751244]
2 11 29 [1. 0.] [0.00166113 0.99833887]
2 11 30 [1. 0.] [0.00110865 0.99889135]
2 11 31 [1. 0.] [0.00166113 0.99833887]
2 11 32 [1. 0.] [4.995005e-04 9.995005e-01]
2 11 33 [1. 0.] [0.00248756 0.99751244]
2 11 34 [1. 0.] [9.98003992e-04 9.99001996e-01]
2 11 35 [1. 0.] [8.31946755e-04 9.99168053e-01]
2 11 36 [1. 0.] [0.00166113 0.99833887]
2 11 37 [1. 0.] [0.00110865 0.99889135]
2 11 38 [1. 0.] [0.00199203 0.99800797]
2 11 39 [1. 0.] [0.00166113 0.99833887]
2 11 40 [1. 0.] [0.0014245 0.9985755]
2 11 41 [1. 0.] [0.00166113 0.99833887]
2 11 42 [1. 0.] [0.00331126 0.99668874]
2 11 43 [1. 0.] [0.00248756 0.99751244]
2 11 44 [1. 0.] [9.07441016e-04 9.99092559e-01]
2 11 45 [1. 0.] [0.00124688 0.99875312]
2 11 46 [1. 0.] [5.87544066e-04 9.99412456e-01]
2 11 47 [1. 0.] [0.00166113 0.99833887]
2 11 48 [1. 0.] [0.00199203 0.99800797]
2 11 49 [1. 0.] [0.00110865 0.99889135]
2 11 50 [1. 0.] [0.00199203 0.99800797]
2 11 51 [1. 0.] [0.0014245 0.9985755]
2 11 52 [1. 0.] [0.00166113 0.99833887]
2 11 53 [1. 0.] [0.0049505 0.9950495]
2 11 54 [1. 0.] [8.31946755e-04 9.99168053e-01]
2 11 55 [1. 0.] [5.25762355e-04 9.99474238e-01]
2 11 56 [1. 0.] [0.00248756 0.99751244]
2 11 57 [1. 0.] [0.00166113 0.99833887]
2 11 58 [1. 0.] [0.00248756 0.99751244]
2 11 59 [1. 0.] [9.07441016e-04 9.99092559e-01]
2 11 60 [1. 0.] [0.00110865 0.99889135]
2 11 61 [1. 0.] [0.00124688 0.99875312]
2 11 62 [1. 0.] [0.00199203 0.99800797]
2 11 63 [1. 0.] [0.0014245 0.9985755]
2 11 64 [1. 0.] [7.68049155e-04 9.99231951e-01]
2 11 65 [1. 0.] [0.00331126 0.99668874]
2 11 66 [1. 0.] [0.00110865 0.99889135]
2 11 67 [1. 0.] [0.00331126 0.99668874]
2 11 68 [1. 0.] [9.07441016e-04 9.99092559e-01]
2 11 69 [1. 0.] [0.00248756 0.99751244]
2 11 70 [1. 0.] [0.00124688 0.99875312]
2 11 71 [1. 0.] [0.00248756 0.99751244]
2 11 72 [1. 0.] [8.31946755e-04 9.99168053e-01]
2 11 73 [1. 0.] [0.00199203 0.99800797]
2 11 74 [1. 0.] [0.00110865 0.99889135]
2 11 75 [1. 0.] [0.00248756 0.99751244]
2 11 76 [1. 0.] [9.07441016e-04 9.99092559e-01]
2 11 77 [1. 0.] [0.00124688 0.99875312]
2 11 78 [1. 0.] [0.00199203 0.99800797]
2 11 79 [1. 0.] [0.00199203 0.99800797]
2 12 1 [0. 1.] [0.99668874 0.00331126]
2 12 2 [0. 1.] [0.99875312 0.00124688]
2 12 3 [0. 1.] [9.99001996e-01 9.98003992e-04]
2 12 4 [0. 1.] [0.99889135 0.00110865]
2 12 5 [0. 1.] [0.99889135 0.00110865]
2 12 6 [0. 1.] [0.99751244 0.00248756]
2 12 7 [0. 1.] [0.99889135 0.00110865]
2 12 8 [0. 1.] [0.9950495 0.0049505]
2 12 9 [0. 1.] [0.99800797 0.00199203]
2 12 10 [0. 1.] [0.9985755 0.0014245]
2 12 11 [0. 1.] [0.9985755 0.0014245]
2 12 12 [0. 1.] [0.99875312 0.00124688]
2 12 13 [0. 1.] [0.99751244 0.00248756]
2 12 14 [0. 1.] [9.99001996e-01 9.98003992e-04]
2 12 15 [0. 1.] [9.99334221e-01 6.65778961e-04]
2 12 16 [0. 1.] [0.99800797 0.00199203]
2 12 17 [0. 1.] [0.99889135 0.00110865]
2 12 18 [0. 1.] [0.9985755 0.0014245]
2 12 19 [0. 1.] [9.99001996e-01 9.98003992e-04]
2 12 20 [0. 1.] [9.99001996e-01 9.98003992e-04]
2 12 21 [0. 1.] [0.9985755 0.0014245]
2 12 22 [0. 1.] [0.99751244 0.00248756]
2 12 23 [0. 1.] [0.99833887 0.00166113]
2 12 24 [0. 1.] [0.9985755 0.0014245]
2 12 25 [0. 1.] [0.99875312 0.00124688]
2 12 26 [0. 1.] [0.99668874 0.00331126]
2 12 27 [0. 1.] [9.99092559e-01 9.07441016e-04]
2 13 1 [0. 1.] [9.99168053e-01 8.31946755e-04]
2 13 2 [0. 1.] [0.99751244 0.00248756]
2 13 3 [0. 1.] [0.99833887 0.00166113]
2 13 4 [0. 1.] [0.9985755 0.0014245]
2 13 5 [0. 1.] [0.99875312 0.00124688]
2 13 6 [0. 1.] [0.99833887 0.00166113]
2 14 1 [0. 1.] [0.99875312 0.00124688]
2 14 2 [0. 1.] [0.9985755 0.0014245]
2 14 3 [0. 1.] [0.99875312 0.00124688]
2 14 4 [0. 1.] [0.9985755 0.0014245]
2 14 5 [0. 1.] [9.99168053e-01 8.31946755e-04]
2 14 6 [0. 1.] [0.99751244 0.00248756]
2 14 7 [0. 1.] [0.99875312 0.00124688]
2 14 8 [0. 1.] [0.9985755 0.0014245]
2 14 9 [0. 1.] [0.99833887 0.00166113]
2 14 10 [0. 1.] [9.99168053e-01 8.31946755e-04]
2 14 11 [0. 1.] [0.9985755 0.0014245]
2 14 12 [0. 1.] [0.99875312 0.00124688]
2 14 13 [0. 1.] [9.99001996e-01 9.98003992e-04]
2 14 14 [0. 1.] [9.99092559e-01 9.07441016e-04]
2 14 15 [0. 1.] [9.99168053e-01 8.31946755e-04]
2 14 16 [0. 1.] [9.99001996e-01 9.98003992e-04]
2 14 17 [0. 1.] [0.99875312 0.00124688]
2 14 18 [0. 1.] [0.9985755 0.0014245]
2 14 19 [0. 1.] [0.9950495 0.0049505]
2 14 20 [0. 1.] [0.99875312 0.00124688]
2 14 21 [0. 1.] [9.99092559e-01 9.07441016e-04]
2 14 22 [0. 1.] [0.99875312 0.00124688]
2 14 23 [0. 1.] [9.99001996e-01 9.98003992e-04]
2 14 24 [0. 1.] [0.99875312 0.00124688]
2 14 25 [0. 1.] [0.99800797 0.00199203]
2 15 1 [0. 1.] [0.99800797 0.00199203]
2 15 2 [0. 1.] [0.99833887 0.00166113]
2 15 3 [0. 1.] [0.99833887 0.00166113]
2 15 4 [0. 1.] [9.99168053e-01 8.31946755e-04]
2 15 5 [0. 1.] [9.99092559e-01 9.07441016e-04]
2 15 6 [0. 1.] [0.99833887 0.00166113]
2 15 7 [0. 1.] [0.99875312 0.00124688]
2 16 1 [1. 0.] [0.0014245 0.9985755]
2 16 2 [1. 0.] [0.00124688 0.99875312]
2 16 3 [1. 0.] [0.0014245 0.9985755]
2 16 4 [1. 0.] [0.0014245 0.9985755]
2 16 5 [1. 0.] [0.00248756 0.99751244]
2 16 6 [1. 0.] [0.00124688 0.99875312]
2 16 7 [1. 0.] [8.31946755e-04 9.99168053e-01]
2 16 8 [1. 0.] [0.0014245 0.9985755]
2 16 9 [1. 0.] [0.0014245 0.9985755]
2 16 10 [1. 0.] [9.07441016e-04 9.99092559e-01]
2 16 11 [1. 0.] [0.00199203 0.99800797]
2 16 12 [1. 0.] [5.25762355e-04 9.99474238e-01]
2 16 13 [1. 0.] [0.0014245 0.9985755]
2 16 14 [1. 0.] [0.00248756 0.99751244]
2 16 15 [1. 0.] [0.0014245 0.9985755]
2 16 16 [1. 0.] [0.00199203 0.99800797]
2 16 17 [1. 0.] [0.00124688 0.99875312]
2 16 18 [1. 0.] [0.0014245 0.9985755]
2 16 19 [1. 0.] [0.00166113 0.99833887]
2 16 20 [1. 0.] [0.00124688 0.99875312]
2 16 21 [1. 0.] [0.0014245 0.9985755]
2 16 22 [1. 0.] [0.00248756 0.99751244]
2 16 23 [1. 0.] [0.00124688 0.99875312]
2 16 24 [1. 0.] [7.68049155e-04 9.99231951e-01]
2 16 25 [1. 0.] [0.00124688 0.99875312]
2 16 26 [1. 0.] [0.00199203 0.99800797]
2 16 27 [1. 0.] [7.13266762e-04 9.99286733e-01]
2 16 28 [1. 0.] [0.00331126 0.99668874]
2 16 29 [1. 0.] [0.00124688 0.99875312]
2 [7] 1.54
3 [0 1 2 3] 0.0
4 [0 4] 0.0
6 [5 6] 0.0
7 [5 6 7] 0.0
8 [8] 0.0
9 [8 9] 0.0
10 [ 8 10] 0.0
14 [11 12 13 14] 0.0
15 [11 12 13 14 15] 0.0
16 [11 16] 0.0
641.75
