75 5 0 1 2 3 4
93 5 0 1 2 3 4
207 5 0 1 2 3 4
211 5 0 1 2 3 4
219 5 0 1 2 3 4
243 5 0 1 2 3 4
305 5 0 1 2 3 4
369 5 0 1 2 3 4
413 5 0 1 2 3 4
437 5 0 1 2 3 4
447 5 0 1 2 3 4
449 5 0 1 2 3 4
477 5 0 1 2 3 4
479 5 0 1 2 3 4
505 5 0 1 2 3 4
549 5 0 1 2 3 4
739 5 0 1 2 3 4
789 5 0 1 2 3 4
861 5 0 1 2 3 4
879 5 0 1 2 3 4
901 5 0 1 2 3 4
923 5 0 1 2 3 4
965 5 0 1 2 3 4
973 5 0 1 2 3 4
991 5 0 1 2 3 4
1027 5 0 1 2 3 4
1063 5 0 1 2 3 4
1095 5 0 1 2 3 4
1111 5 0 1 2 3 4
1187 5 0 1 2 3 4
1193 5 0 1 2 3 4
1299 5 0 1 2 3 4
1309 5 0 1 2 3 4
1337 5 0 1 2 3 4
1367 5 0 1 2 3 4
1371 5 0 1 2 3 4
1421 5 0 1 2 3 4
1431 5 0 1 2 3 4
1443 5 0 1 2 3 4
1489 5 0 1 2 3 4
1497 5 0 1 2 3 4
1507 5 0 1 2 3 4
1545 5 0 1 2 3 4
1559 5 0 1 2 3 4
1639 5 0 1 2 3 4
1643 5 0 1 2 3 4
1651 5 0 1 2 3 4
1663 5 0 1 2 3 4
1701 5 0 1 2 3 4
1811 5 0 1 2 3 4
1841 5 0 1 2 3 4
1843 5 0 1 2 3 4
1849 5 0 1 2 3 4
1865 5 0 1 2 3 4
1909 5 0 1 2 3 4
1937 5 0 1 2 3 4
1995 5 0 1 2 3 4
1997 5 0 1 2 3 4
2029 5 0 1 2 3 4
2109 5 0 1 2 3 4
2173 5 0 1 2 3 4
2205 5 0 1 2 3 4
2215 5 0 1 2 3 4
2229 5 0 1 2 3 4
2253 5 0 1 2 3 4
2271 5 0 1 2 3 4
2273 5 0 1 2 3 4
2297 5 0 1 2 3 4
2301 5 0 1 2 3 4
2321 5 0 1 2 3 4
2331 5 0 1 2 3 4
2357 5 0 1 2 3 4
2393 5 0 1 2 3 4
2399 5 0 1 2 3 4
2447 5 0 1 2 3 4
2459 5 0 1 2 3 4
2463 5 0 1 2 3 4
2467 5 0 1 2 3 4
2497 5 0 1 2 3 4
2535 5 0 1 2 3 4
2545 5 0 1 2 3 4
2603 5 0 1 2 3 4
2639 5 0 1 2 3 4
2655 5 0 1 2 3 4
2815 5 0 1 2 3 4
2819 5 0 1 2 3 4
2821 5 0 1 2 3 4
2893 5 0 1 2 3 4
2925 5 0 1 2 3 4
2927 5 0 1 2 3 4
2941 5 0 1 2 3 4
2943 5 0 1 2 3 4
2955 5 0 1 2 3 4
2961 5 0 1 2 3 4
2983 5 0 1 2 3 4
3027 5 0 1 2 3 4
3029 5 0 1 2 3 4
3057 5 0 1 2 3 4
3201 5 0 1 2 3 4
3231 5 0 1 2 3 4
3281 5 0 1 2 3 4
3287 5 0 1 2 3 4
3297 5 0 1 2 3 4
3307 5 0 1 2 3 4
3311 5 0 1 2 3 4
3329 5 0 1 2 3 4
3335 5 0 1 2 3 4
3355 5 0 1 2 3 4
3365 5 0 1 2 3 4
3437 5 0 1 2 3 4
3459 5 0 1 2 3 4
3519 5 0 1 2 3 4
3591 5 0 1 2 3 4
3613 5 0 1 2 3 4
3633 5 0 1 2 3 4
3645 5 0 1 2 3 4
3797 5 0 1 2 3 4
3865 5 0 1 2 3 4
3867 5 0 1 2 3 4
3871 5 0 1 2 3 4
3873 5 0 1 2 3 4
3901 5 0 1 2 3 4
3915 5 0 1 2 3 4
3937 5 0 1 2 3 4
3969 5 0 1 2 3 4
3981 5 0 1 2 3 4
4017 5 0 1 2 3 4
4019 5 0 1 2 3 4
4057 5 0 1 2 3 4
4063 5 0 1 2 3 4
4087 5 0 1 2 3 4
4119 5 0 1 2 3 4
4159 5 0 1 2 3 4
4195 5 0 1 2 3 4
4197 5 0 1 2 3 4
4275 5 0 1 2 3 4
4297 5 0 1 2 3 4
4313 5 0 1 2 3 4
4367 5 0 1 2 3 4
4411 5 0 1 2 3 4
4423 5 0 1 2 3 4
4431 5 0 1 2 3 4
4441 5 0 1 2 3 4
4445 5 0 1 2 3 4
4557 5 0 1 2 3 4
4613 5 0 1 2 3 4
4623 5 0 1 2 3 4
4811 5 0 1 2 3 4
4817 5 0 1 2 3 4
4983 5 0 1 2 3 4
5015 5 0 1 2 3 4
5129 5 0 1 2 3 4
5177 5 0 1 2 3 4
5215 5 0 1 2 3 4
5263 5 0 1 2 3 4
5309 5 0 1 2 3 4
5321 5 0 1 2 3 4
5325 5 0 1 2 3 4
5391 5 0 1 2 3 4
5407 5 0 1 2 3 4
5435 5 0 1 2 3 4
5439 5 0 1 2 3 4
5463 5 0 1 2 3 4
5487 5 0 1 2 3 4
5507 5 0 1 2 3 4
5525 5 0 1 2 3 4
5529 5 0 1 2 3 4
5533 5 0 1 2 3 4
5587 5 0 1 2 3 4
5595 5 0 1 2 3 4
5613 5 0 1 2 3 4
5757 5 0 1 2 3 4
5769 5 0 1 2 3 4
5791 5 0 1 2 3 4
5821 5 0 1 2 3 4
5851 5 0 1 2 3 4
5911 5 0 1 2 3 4
5927 5 0 1 2 3 4
5953 5 0 1 2 3 4
5973 5 0 1 2 3 4
5993 5 0 1 2 3 4
6005 5 0 1 2 3 4
6039 5 0 1 2 3 4
6067 5 0 1 2 3 4
6077 5 0 1 2 3 4
6097 5 0 1 2 3 4
6281 5 0 1 2 3 4
6291 5 0 1 2 3 4
6301 5 0 1 2 3 4
6337 5 0 1 2 3 4
6355 5 0 1 2 3 4
6377 5 0 1 2 3 4
6461 5 0 1 2 3 4
6465 5 0 1 2 3 4
6555 5 0 1 2 3 4
6657 5 0 1 2 3 4
6739 5 0 1 2 3 4
6781 5 0 1 2 3 4
6817 5 0 1 2 3 4
6827 5 0 1 2 3 4
6845 5 0 1 2 3 4
6853 5 0 1 2 3 4
6897 5 0 1 2 3 4
6903 5 0 1 2 3 4
6917 5 0 1 2 3 4
6933 5 0 1 2 3 4
6967 5 0 1 2 3 4
7021 5 0 1 2 3 4
7031 5 0 1 2 3 4
7051 5 0 1 2 3 4
7067 5 0 1 2 3 4
7071 5 0 1 2 3 4
7123 5 0 1 2 3 4
7127 5 0 1 2 3 4
7181 5 0 1 2 3 4
7237 5 0 1 2 3 4
7251 5 0 1 2 3 4
7253 5 0 1 2 3 4
7279 5 0 1 2 3 4
7289 5 0 1 2 3 4
7333 5 0 1 2 3 4
7343 5 0 1 2 3 4
7357 5 0 1 2 3 4
7379 5 0 1 2 3 4
7393 5 0 1 2 3 4
7441 5 0 1 2 3 4
7499 5 0 1 2 3 4
7513 5 0 1 2 3 4
7555 5 0 1 2 3 4
7617 5 0 1 2 3 4
7695 5 0 1 2 3 4
7721 5 0 1 2 3 4
7739 5 0 1 2 3 4
7741 5 0 1 2 3 4
7743 5 0 1 2 3 4
7753 5 0 1 2 3 4
7771 5 0 1 2 3 4
7773 5 0 1 2 3 4
7837 5 0 1 2 3 4
7915 5 0 1 2 3 4
7927 5 0 1 2 3 4
7979 5 0 1 2 3 4
8043 5 0 1 2 3 4
8079 5 0 1 2 3 4
8101 5 0 1 2 3 4
8137 5 0 1 2 3 4
8189 5 0 1 2 3 4
8207 5 0 1 2 3 4
8223 5 0 1 2 3 4
8227 5 0 1 2 3 4
8313 5 0 1 2 3 4
8339 5 0 1 2 3 4
8373 5 0 1 2 3 4
8407 5 0 1 2 3 4
8419 5 0 1 2 3 4
8427 5 0 1 2 3 4
8465 5 0 1 2 3 4
8547 5 0 1 2 3 4
8561 5 0 1 2 3 4
8573 5 0 1 2 3 4
8575 5 0 1 2 3 4
8583 5 0 1 2 3 4
8587 5 0 1 2 3 4
8605 5 0 1 2 3 4
8613 5 0 1 2 3 4
8641 5 0 1 2 3 4
8655 5 0 1 2 3 4
8689 5 0 1 2 3 4
8703 5 0 1 2 3 4
8761 5 0 1 2 3 4
8789 5 0 1 2 3 4
8855 5 0 1 2 3 4
8901 5 0 1 2 3 4
9001 5 0 1 2 3 4
9021 5 0 1 2 3 4
9103 5 0 1 2 3 4
9107 5 0 1 2 3 4
9113 5 0 1 2 3 4
9165 5 0 1 2 3 4
9185 5 0 1 2 3 4
9197 5 0 1 2 3 4
9229 5 0 1 2 3 4
9287 5 0 1 2 3 4
9317 5 0 1 2 3 4
9321 5 0 1 2 3 4
9459 5 0 1 2 3 4
9491 5 0 1 2 3 4
9499 5 0 1 2 3 4
9529 5 0 1 2 3 4
373 3 1 2 3
759 3 1 2 3
993 3 1 2 3
1033 3 1 2 3
1597 3 1 2 3
1689 3 1 2 3
3251 3 1 2 3
3841 3 1 2 3
3899 3 1 2 3
4507 3 1 2 3
6459 3 1 2 3
8425 3 1 2 3
8499 3 1 2 3
9015 3 1 2 3
9125 3 1 2 3
9363 3 1 2 3
9507 3 1 2 3
53 2 2 3
591 2 2 3
757 2 2 3
781 2 2 3
839 2 2 3
849 2 2 3
1195 2 2 3
1333 2 2 3
1737 2 2 3
1885 2 2 3
1911 2 2 3
1957 2 2 3
2511 2 2 3
2589 2 2 3
2783 2 2 3
3149 2 2 3
3537 2 2 3
3593 2 2 3
4175 2 2 3
4703 2 2 3
5551 2 2 3
5559 2 2 3
5827 2 2 3
6131 2 2 3
6267 2 2 3
6715 2 2 3
6947 2 2 3
7541 2 2 3
7723 2 2 3
7849 2 2 3
7867 2 2 3
7919 2 2 3
8119 2 2 3
8619 2 2 3
8665 2 2 3
19 1 3
91 1 3
155 1 3
315 1 3
491 1 3
533 1 3
677 1 3
775 1 3
851 1 3
889 1 3
967 1 3
1079 1 3
1083 1 3
1139 1 3
1163 1 3
1175 1 3
1247 1 3
1427 1 3
1459 1 3
1539 1 3
1567 1 3
1579 1 3
1619 1 3
1621 1 3
1623 1 3
1631 1 3
1649 1 3
9544 1 3
1785 1 3
2217 1 3
2379 1 3
2479 1 3
2607 1 3
2673 1 3
2769 1 3
3111 1 3
3131 1 3
3191 1 3
3229 1 3
3275 1 3
3403 1 3
3415 1 3
3423 1 3
3557 1 3
3675 1 3
4009 1 3
4053 1 3
4289 1 3
4439 1 3
4815 1 3
4881 1 3
5165 1 3
5241 1 3
5247 1 3
5413 1 3
9583 1 3
5849 1 3
5871 1 3
5883 1 3
5925 1 3
5975 1 3
6259 1 3
6323 1 3
6885 1 3
7013 1 3
7085 1 3
7435 1 3
7451 1 3
7483 1 3
7687 1 3
7699 1 3
7705 1 3
7717 1 3
7735 1 3
7875 1 3
7913 1 3
7963 1 3
8089 1 3
8139 1 3
8177 1 3
8203 1 3
8305 1 3
8365 1 3
8399 1 3
8411 1 3
8585 1 3
8609 1 3
8691 1 3
9291 1 3
67 1 4
101 1 4
249 1 4
457 1 4
631 1 4
1143 1 4
1165 1 4
1259 1 4
1293 1 4
1295 1 4
1947 1 4
1973 1 4
2111 1 4
2249 1 4
2275 1 4
2359 1 4
2593 1 4
2629 1 4
2915 1 4
3491 1 4
3825 1 4
4179 1 4
4323 1 4
4503 1 4
4529 1 4
4637 1 4
4895 1 4
5037 1 4
5049 1 4
5153 1 4
5255 1 4
5383 1 4
5965 1 4
5991 1 4
6485 1 4
6527 1 4
6587 1 4
6593 1 4
6601 1 4
6803 1 4
7299 1 4
7373 1 4
7389 1 4
7391 1 4
7477 1 4
7507 1 4
7751 1 4
7799 1 4
7921 1 4
8029 1 4
8621 1 4
8677 1 4
8835 1 4
8995 1 4
9123 1 4
9171 1 4
9313 1 4
9335 1 4
117 3 5 6 7
133 3 5 6 7
277 3 5 6 7
451 3 5 6 7
763 3 5 6 7
897 3 5 6 7
1149 3 5 6 7
1201 3 5 6 7
1449 3 5 6 7
1511 3 5 6 7
1609 3 5 6 7
1815 3 5 6 7
1847 3 5 6 7
2155 3 5 6 7
2413 3 5 6 7
2559 3 5 6 7
2613 3 5 6 7
2817 3 5 6 7
3271 3 5 6 7
3303 3 5 6 7
3429 3 5 6 7
3443 3 5 6 7
3497 3 5 6 7
3879 3 5 6 7
3887 3 5 6 7
3987 3 5 6 7
4155 3 5 6 7
4201 3 5 6 7
4389 3 5 6 7
4603 3 5 6 7
4625 3 5 6 7
4917 3 5 6 7
5065 3 5 6 7
5217 3 5 6 7
5423 3 5 6 7
5483 3 5 6 7
5811 3 5 6 7
5867 3 5 6 7
5945 3 5 6 7
6123 3 5 6 7
6373 3 5 6 7
6511 3 5 6 7
6561 3 5 6 7
7081 3 5 6 7
7615 3 5 6 7
7745 3 5 6 7
7935 3 5 6 7
7937 3 5 6 7
8041 3 5 6 7
8329 3 5 6 7
8351 3 5 6 7
8469 3 5 6 7
8801 3 5 6 7
8849 3 5 6 7
8915 3 5 6 7
9055 3 5 6 7
9081 3 5 6 7
9147 3 5 6 7
9175 3 5 6 7
9201 3 5 6 7
9343 3 5 6 7
55 2 6 7
385 2 6 7
423 2 6 7
545 2 6 7
593 2 6 7
595 2 6 7
619 2 6 7
731 2 6 7
737 2 6 7
813 2 6 7
911 2 6 7
927 2 6 7
1105 2 6 7
1343 2 6 7
1641 2 6 7
1675 2 6 7
1819 2 6 7
1943 2 6 7
1991 2 6 7
2047 2 6 7
2203 2 6 7
2355 2 6 7
2517 2 6 7
2761 2 6 7
2773 2 6 7
2825 2 6 7
3243 2 6 7
3343 2 6 7
3397 2 6 7
3435 2 6 7
3509 2 6 7
3531 2 6 7
3921 2 6 7
4007 2 6 7
4489 2 6 7
4611 2 6 7
4679 2 6 7
4995 2 6 7
5151 2 6 7
5399 2 6 7
5553 2 6 7
5943 2 6 7
5967 2 6 7
6011 2 6 7
6045 2 6 7
6307 2 6 7
6391 2 6 7
6741 2 6 7
6747 2 6 7
6847 2 6 7
6955 2 6 7
7195 2 6 7
7397 2 6 7
7599 2 6 7
7639 2 6 7
7689 2 6 7
7841 2 6 7
8487 2 6 7
8657 2 6 7
8673 2 6 7
8853 2 6 7
8863 2 6 7
9013 2 6 7
9331 2 6 7
411 1 7
607 1 7
1249 1 7
1813 1 7
4061 1 7
4401 1 7
5105 1 7
6103 1 7
7261 1 7
7443 1 7
7659 1 7
8319 1 7
8777 1 7
9211 1 7
31 3 8 9 10
179 3 8 9 10
223 3 8 9 10
401 3 8 9 10
467 3 8 9 10
513 3 8 9 10
515 3 8 9 10
573 3 8 9 10
695 3 8 9 10
725 3 8 9 10
741 3 8 9 10
747 3 8 9 10
807 3 8 9 10
853 3 8 9 10
875 3 8 9 10
915 3 8 9 10
1043 3 8 9 10
1047 3 8 9 10
1049 3 8 9 10
1065 3 8 9 10
1229 3 8 9 10
1241 3 8 9 10
1273 3 8 9 10
1415 3 8 9 10
1453 3 8 9 10
1501 3 8 9 10
1705 3 8 9 10
1725 3 8 9 10
1833 3 8 9 10
2015 3 8 9 10
2049 3 8 9 10
2125 3 8 9 10
2191 3 8 9 10
2213 3 8 9 10
2223 3 8 9 10
2225 3 8 9 10
2231 3 8 9 10
2239 3 8 9 10
2351 3 8 9 10
2513 3 8 9 10
2529 3 8 9 10
2531 3 8 9 10
2533 3 8 9 10
2577 3 8 9 10
2669 3 8 9 10
2681 3 8 9 10
2715 3 8 9 10
2807 3 8 9 10
2935 3 8 9 10
2949 3 8 9 10
3073 3 8 9 10
3107 3 8 9 10
3157 3 8 9 10
3439 3 8 9 10
3489 3 8 9 10
3657 3 8 9 10
3695 3 8 9 10
3817 3 8 9 10
3843 3 8 9 10
3869 3 8 9 10
3885 3 8 9 10
4067 3 8 9 10
4093 3 8 9 10
4101 3 8 9 10
4193 3 8 9 10
4249 3 8 9 10
4269 3 8 9 10
4309 3 8 9 10
4421 3 8 9 10
4629 3 8 9 10
4877 3 8 9 10
4893 3 8 9 10
4899 3 8 9 10
4981 3 8 9 10
5021 3 8 9 10
5059 3 8 9 10
5115 3 8 9 10
5131 3 8 9 10
5319 3 8 9 10
5329 3 8 9 10
5343 3 8 9 10
5417 3 8 9 10
5457 3 8 9 10
5573 3 8 9 10
5775 3 8 9 10
5789 3 8 9 10
5825 3 8 9 10
5847 3 8 9 10
5869 3 8 9 10
5941 3 8 9 10
6031 3 8 9 10
6051 3 8 9 10
6081 3 8 9 10
6285 3 8 9 10
6305 3 8 9 10
6321 3 8 9 10
6357 3 8 9 10
6397 3 8 9 10
6399 3 8 9 10
6505 3 8 9 10
6543 3 8 9 10
6573 3 8 9 10
6617 3 8 9 10
6621 3 8 9 10
6629 3 8 9 10
6779 3 8 9 10
6863 3 8 9 10
6875 3 8 9 10
6907 3 8 9 10
6921 3 8 9 10
7015 3 8 9 10
7083 3 8 9 10
7097 3 8 9 10
7217 3 8 9 10
7231 3 8 9 10
7321 3 8 9 10
7377 3 8 9 10
7475 3 8 9 10
7565 3 8 9 10
7691 3 8 9 10
7711 3 8 9 10
7779 3 8 9 10
7887 3 8 9 10
8115 3 8 9 10
8215 3 8 9 10
8353 3 8 9 10
8449 3 8 9 10
8491 3 8 9 10
8615 3 8 9 10
8883 3 8 9 10
8959 3 8 9 10
8963 3 8 9 10
9005 3 8 9 10
9157 3 8 9 10
9177 3 8 9 10
9189 3 8 9 10
9255 3 8 9 10
9477 3 8 9 10
275 1 9
2951 1 9
3213 1 9
3269 1 9
3337 1 9
3417 1 9
4279 1 9
5339 1 9
5949 1 9
6537 1 9
7847 1 9
8539 1 9
8813 1 9
109 1 10
2193 1 10
4073 1 10
5917 1 10
7879 1 10
8699 1 10
386 6 11 12 13 14 15 16
554 6 11 12 13 14 15 16
678 6 11 12 13 14 15 16
872 6 11 12 13 14 15 16
956 6 11 12 13 14 15 16
1056 6 11 12 13 14 15 16
1182 6 11 12 13 14 15 16
1184 6 11 12 13 14 15 16
1202 6 11 12 13 14 15 16
1226 6 11 12 13 14 15 16
1268 6 11 12 13 14 15 16
1300 6 11 12 13 14 15 16
1346 6 11 12 13 14 15 16
1398 6 11 12 13 14 15 16
1522 6 11 12 13 14 15 16
1716 6 11 12 13 14 15 16
1764 6 11 12 13 14 15 16
2060 6 11 12 13 14 15 16
2128 6 11 12 13 14 15 16
2256 6 11 12 13 14 15 16
2312 6 11 12 13 14 15 16
2408 6 11 12 13 14 15 16
2436 6 11 12 13 14 15 16
2514 6 11 12 13 14 15 16
2626 6 11 12 13 14 15 16
2644 6 11 12 13 14 15 16
2684 6 11 12 13 14 15 16
2692 6 11 12 13 14 15 16
2754 6 11 12 13 14 15 16
2916 6 11 12 13 14 15 16
3144 6 11 12 13 14 15 16
3366 6 11 12 13 14 15 16
3510 6 11 12 13 14 15 16
3902 6 11 12 13 14 15 16
3924 6 11 12 13 14 15 16
3946 6 11 12 13 14 15 16
4180 6 11 12 13 14 15 16
4594 6 11 12 13 14 15 16
5030 6 11 12 13 14 15 16
5192 6 11 12 13 14 15 16
5260 6 11 12 13 14 15 16
5264 6 11 12 13 14 15 16
5310 6 11 12 13 14 15 16
5902 6 11 12 13 14 15 16
6036 6 11 12 13 14 15 16
6058 6 11 12 13 14 15 16
6100 6 11 12 13 14 15 16
6254 6 11 12 13 14 15 16
6334 6 11 12 13 14 15 16
6456 6 11 12 13 14 15 16
6470 6 11 12 13 14 15 16
6490 6 11 12 13 14 15 16
6506 6 11 12 13 14 15 16
6550 6 11 12 13 14 15 16
6666 6 11 12 13 14 15 16
6790 6 11 12 13 14 15 16
6800 6 11 12 13 14 15 16
6822 6 11 12 13 14 15 16
7124 6 11 12 13 14 15 16
7134 6 11 12 13 14 15 16
7274 6 11 12 13 14 15 16
7386 6 11 12 13 14 15 16
7500 6 11 12 13 14 15 16
7682 6 11 12 13 14 15 16
7768 6 11 12 13 14 15 16
7794 6 11 12 13 14 15 16
8044 6 11 12 13 14 15 16
8200 6 11 12 13 14 15 16
8336 6 11 12 13 14 15 16
8380 6 11 12 13 14 15 16
8394 6 11 12 13 14 15 16
8596 6 11 12 13 14 15 16
8606 6 11 12 13 14 15 16
8642 6 11 12 13 14 15 16
8652 6 11 12 13 14 15 16
8928 6 11 12 13 14 15 16
9028 6 11 12 13 14 15 16
9218 6 11 12 13 14 15 16
9512 6 11 12 13 14 15 16
43 4 12 13 14 15
481 4 12 13 14 15
1253 4 12 13 14 15
1307 4 12 13 14 15
1613 4 12 13 14 15
1703 4 12 13 14 15
1733 4 12 13 14 15
1757 4 12 13 14 15
1805 4 12 13 14 15
2435 4 12 13 14 15
2503 4 12 13 14 15
2605 4 12 13 14 15
3077 4 12 13 14 15
3639 4 12 13 14 15
4135 4 12 13 14 15
4335 4 12 13 14 15
5393 4 12 13 14 15
5937 4 12 13 14 15
6663 4 12 13 14 15
7613 4 12 13 14 15
7943 4 12 13 14 15
8127 4 12 13 14 15
8709 4 12 13 14 15
8793 4 12 13 14 15
8945 4 12 13 14 15
9231 4 12 13 14 15
9277 4 12 13 14 15
1317 3 13 14 15
2287 3 13 14 15
2789 3 13 14 15
5433 3 13 14 15
5583 3 13 14 15
7637 3 13 14 15
141 2 14 15
761 2 14 15
1471 2 14 15
1781 2 14 15
2183 2 14 15
2315 2 14 15
2485 2 14 15
2939 2 14 15
3601 2 14 15
3699 2 14 15
3701 2 14 15
4287 2 14 15
5023 2 14 15
5187 2 14 15
5297 2 14 15
6495 2 14 15
6647 2 14 15
6765 2 14 15
6999 2 14 15
7459 2 14 15
7471 2 14 15
7561 2 14 15
8475 2 14 15
9377 2 14 15
9505 2 14 15
625 1 15
1283 1 15
2661 1 15
3637 1 15
5915 1 15
9097 1 15
9397 1 15
192 1 16
246 1 16
568 1 16
628 1 16
708 1 16
828 1 16
940 1 16
1024 1 16
1262 1 16
2012 1 16
2156 1 16
2194 1 16
2978 1 16
3682 1 16
4064 1 16
4292 1 16
4862 1 16
4896 1 16
6020 1 16
6116 1 16
7184 1 16
7428 1 16
8026 1 16
8184 1 16
8504 1 16
8910 1 16
8922 1 16
9178 1 16
9310 1 16
