217 7 0 1 2 3 4 5 6
243 7 0 1 2 3 4 5 6
461 7 0 1 2 3 4 5 6
463 7 0 1 2 3 4 5 6
19210 7 0 1 2 3 4 5 6
529 7 0 1 2 3 4 5 6
643 7 0 1 2 3 4 5 6
823 7 0 1 2 3 4 5 6
869 7 0 1 2 3 4 5 6
883 7 0 1 2 3 4 5 6
931 7 0 1 2 3 4 5 6
19360 7 0 1 2 3 4 5 6
1111 7 0 1 2 3 4 5 6
1425 7 0 1 2 3 4 5 6
1537 7 0 1 2 3 4 5 6
1709 7 0 1 2 3 4 5 6
1781 7 0 1 2 3 4 5 6
1831 7 0 1 2 3 4 5 6
1901 7 0 1 2 3 4 5 6
1999 7 0 1 2 3 4 5 6
19618 7 0 1 2 3 4 5 6
19627 7 0 1 2 3 4 5 6
2123 7 0 1 2 3 4 5 6
2217 7 0 1 2 3 4 5 6
2307 7 0 1 2 3 4 5 6
2487 7 0 1 2 3 4 5 6
19831 7 0 1 2 3 4 5 6
2799 7 0 1 2 3 4 5 6
2847 7 0 1 2 3 4 5 6
2905 7 0 1 2 3 4 5 6
19894 7 0 1 2 3 4 5 6
3049 7 0 1 2 3 4 5 6
3057 7 0 1 2 3 4 5 6
3149 7 0 1 2 3 4 5 6
19942 7 0 1 2 3 4 5 6
19972 7 0 1 2 3 4 5 6
3387 7 0 1 2 3 4 5 6
3399 7 0 1 2 3 4 5 6
25360 7 0 1 2 3 4 5 6
3555 7 0 1 2 3 4 5 6
3879 7 0 1 2 3 4 5 6
3945 7 0 1 2 3 4 5 6
3961 7 0 1 2 3 4 5 6
4015 7 0 1 2 3 4 5 6
4193 7 0 1 2 3 4 5 6
4301 7 0 1 2 3 4 5 6
4303 7 0 1 2 3 4 5 6
20350 7 0 1 2 3 4 5 6
4523 7 0 1 2 3 4 5 6
4657 7 0 1 2 3 4 5 6
4695 7 0 1 2 3 4 5 6
4723 7 0 1 2 3 4 5 6
4771 7 0 1 2 3 4 5 6
4799 7 0 1 2 3 4 5 6
4833 7 0 1 2 3 4 5 6
4861 7 0 1 2 3 4 5 6
4915 7 0 1 2 3 4 5 6
4979 7 0 1 2 3 4 5 6
5027 7 0 1 2 3 4 5 6
20563 7 0 1 2 3 4 5 6
20596 7 0 1 2 3 4 5 6
5259 7 0 1 2 3 4 5 6
5325 7 0 1 2 3 4 5 6
5333 7 0 1 2 3 4 5 6
5533 7 0 1 2 3 4 5 6
5571 7 0 1 2 3 4 5 6
5893 7 0 1 2 3 4 5 6
5909 7 0 1 2 3 4 5 6
5911 7 0 1 2 3 4 5 6
6043 7 0 1 2 3 4 5 6
6107 7 0 1 2 3 4 5 6
20866 7 0 1 2 3 4 5 6
6131 7 0 1 2 3 4 5 6
20878 7 0 1 2 3 4 5 6
6145 7 0 1 2 3 4 5 6
6159 7 0 1 2 3 4 5 6
20911 7 0 1 2 3 4 5 6
6283 7 0 1 2 3 4 5 6
6687 7 0 1 2 3 4 5 6
6775 7 0 1 2 3 4 5 6
6945 7 0 1 2 3 4 5 6
6951 7 0 1 2 3 4 5 6
6973 7 0 1 2 3 4 5 6
6979 7 0 1 2 3 4 5 6
7029 7 0 1 2 3 4 5 6
7045 7 0 1 2 3 4 5 6
21190 7 0 1 2 3 4 5 6
7217 7 0 1 2 3 4 5 6
7381 7 0 1 2 3 4 5 6
7547 7 0 1 2 3 4 5 6
7585 7 0 1 2 3 4 5 6
7647 7 0 1 2 3 4 5 6
7909 7 0 1 2 3 4 5 6
8009 7 0 1 2 3 4 5 6
8017 7 0 1 2 3 4 5 6
8107 7 0 1 2 3 4 5 6
8185 7 0 1 2 3 4 5 6
8277 7 0 1 2 3 4 5 6
8333 7 0 1 2 3 4 5 6
8399 7 0 1 2 3 4 5 6
8417 7 0 1 2 3 4 5 6
8467 7 0 1 2 3 4 5 6
8543 7 0 1 2 3 4 5 6
8601 7 0 1 2 3 4 5 6
8685 7 0 1 2 3 4 5 6
8687 7 0 1 2 3 4 5 6
8841 7 0 1 2 3 4 5 6
8921 7 0 1 2 3 4 5 6
8991 7 0 1 2 3 4 5 6
9057 7 0 1 2 3 4 5 6
9079 7 0 1 2 3 4 5 6
9087 7 0 1 2 3 4 5 6
9101 7 0 1 2 3 4 5 6
9105 7 0 1 2 3 4 5 6
9245 7 0 1 2 3 4 5 6
9409 7 0 1 2 3 4 5 6
9735 7 0 1 2 3 4 5 6
9761 7 0 1 2 3 4 5 6
10037 7 0 1 2 3 4 5 6
10095 7 0 1 2 3 4 5 6
10237 7 0 1 2 3 4 5 6
10331 7 0 1 2 3 4 5 6
10423 7 0 1 2 3 4 5 6
22204 7 0 1 2 3 4 5 6
10597 7 0 1 2 3 4 5 6
10613 7 0 1 2 3 4 5 6
10815 7 0 1 2 3 4 5 6
10831 7 0 1 2 3 4 5 6
22369 7 0 1 2 3 4 5 6
10921 7 0 1 2 3 4 5 6
10959 7 0 1 2 3 4 5 6
10989 7 0 1 2 3 4 5 6
11089 7 0 1 2 3 4 5 6
11101 7 0 1 2 3 4 5 6
11107 7 0 1 2 3 4 5 6
11205 7 0 1 2 3 4 5 6
11245 7 0 1 2 3 4 5 6
11285 7 0 1 2 3 4 5 6
11489 7 0 1 2 3 4 5 6
11527 7 0 1 2 3 4 5 6
22561 7 0 1 2 3 4 5 6
11775 7 0 1 2 3 4 5 6
11831 7 0 1 2 3 4 5 6
11877 7 0 1 2 3 4 5 6
11933 7 0 1 2 3 4 5 6
11969 7 0 1 2 3 4 5 6
12043 7 0 1 2 3 4 5 6
12099 7 0 1 2 3 4 5 6
12131 7 0 1 2 3 4 5 6
12163 7 0 1 2 3 4 5 6
22873 7 0 1 2 3 4 5 6
12499 7 0 1 2 3 4 5 6
12637 7 0 1 2 3 4 5 6
12679 7 0 1 2 3 4 5 6
22975 7 0 1 2 3 4 5 6
12905 7 0 1 2 3 4 5 6
23038 7 0 1 2 3 4 5 6
13089 7 0 1 2 3 4 5 6
13347 7 0 1 2 3 4 5 6
13505 7 0 1 2 3 4 5 6
13601 7 0 1 2 3 4 5 6
13659 7 0 1 2 3 4 5 6
13671 7 0 1 2 3 4 5 6
23401 7 0 1 2 3 4 5 6
13745 7 0 1 2 3 4 5 6
13857 7 0 1 2 3 4 5 6
23479 7 0 1 2 3 4 5 6
13897 7 0 1 2 3 4 5 6
13919 7 0 1 2 3 4 5 6
13969 7 0 1 2 3 4 5 6
14067 7 0 1 2 3 4 5 6
23524 7 0 1 2 3 4 5 6
14135 7 0 1 2 3 4 5 6
14145 7 0 1 2 3 4 5 6
14163 7 0 1 2 3 4 5 6
23578 7 0 1 2 3 4 5 6
14425 7 0 1 2 3 4 5 6
14527 7 0 1 2 3 4 5 6
14565 7 0 1 2 3 4 5 6
14659 7 0 1 2 3 4 5 6
14737 7 0 1 2 3 4 5 6
23773 7 0 1 2 3 4 5 6
14769 7 0 1 2 3 4 5 6
14789 7 0 1 2 3 4 5 6
14827 7 0 1 2 3 4 5 6
14943 7 0 1 2 3 4 5 6
15071 7 0 1 2 3 4 5 6
15107 7 0 1 2 3 4 5 6
15195 7 0 1 2 3 4 5 6
15319 7 0 1 2 3 4 5 6
15563 7 0 1 2 3 4 5 6
15617 7 0 1 2 3 4 5 6
15681 7 0 1 2 3 4 5 6
15683 7 0 1 2 3 4 5 6
25840 7 0 1 2 3 4 5 6
15727 7 0 1 2 3 4 5 6
15803 7 0 1 2 3 4 5 6
15937 7 0 1 2 3 4 5 6
24196 7 0 1 2 3 4 5 6
16049 7 0 1 2 3 4 5 6
24295 7 0 1 2 3 4 5 6
16315 7 0 1 2 3 4 5 6
24331 7 0 1 2 3 4 5 6
25880 7 0 1 2 3 4 5 6
25896 7 0 1 2 3 4 5 6
16699 7 0 1 2 3 4 5 6
16719 7 0 1 2 3 4 5 6
24475 7 0 1 2 3 4 5 6
16953 7 0 1 2 3 4 5 6
17067 7 0 1 2 3 4 5 6
24541 7 0 1 2 3 4 5 6
24550 7 0 1 2 3 4 5 6
17181 7 0 1 2 3 4 5 6
17305 7 0 1 2 3 4 5 6
17325 7 0 1 2 3 4 5 6
17347 7 0 1 2 3 4 5 6
24697 7 0 1 2 3 4 5 6
24700 7 0 1 2 3 4 5 6
24709 7 0 1 2 3 4 5 6
24751 7 0 1 2 3 4 5 6
17633 7 0 1 2 3 4 5 6
17665 7 0 1 2 3 4 5 6
17807 7 0 1 2 3 4 5 6
17867 7 0 1 2 3 4 5 6
18097 7 0 1 2 3 4 5 6
25000 7 0 1 2 3 4 5 6
18271 7 0 1 2 3 4 5 6
18403 7 0 1 2 3 4 5 6
18467 7 0 1 2 3 4 5 6
18609 7 0 1 2 3 4 5 6
18673 7 0 1 2 3 4 5 6
19282 4 1 2 3 4
1507 4 1 2 3 4
2155 4 1 2 3 4
3339 4 1 2 3 4
3519 4 1 2 3 4
8105 4 1 2 3 4
9169 4 1 2 3 4
17109 4 1 2 3 4
17239 4 1 2 3 4
18079 4 1 2 3 4
18303 4 1 2 3 4
18749 4 1 2 3 4
18979 4 1 2 3 4
47 1 2
137 1 2
417 1 2
699 1 2
1261 1 2
1841 1 2
19606 1 2
2301 1 2
19768 1 2
2515 1 2
2775 1 2
2803 1 2
19837 1 2
2815 1 2
3155 1 2
3349 1 2
3863 1 2
5437 1 2
5751 1 2
6067 1 2
6667 1 2
21109 1 2
8565 1 2
21598 1 2
8877 1 2
9005 1 2
9265 1 2
9287 1 2
9739 1 2
10425 1 2
10923 1 2
11025 1 2
11281 1 2
22621 1 2
11859 1 2
12019 1 2
23002 1 2
12889 1 2
13001 1 2
23137 1 2
13119 1 2
14323 1 2
15089 1 2
15091 1 2
15487 1 2
24223 1 2
16165 1 2
16519 1 2
16623 1 2
16963 1 2
17199 1 2
17751 1 2
18281 1 2
18379 1 2
167 2 3 4
1527 2 3 4
1685 2 3 4
2505 2 3 4
3689 2 3 4
4053 2 3 4
4123 2 3 4
4235 2 3 4
5273 2 3 4
5805 2 3 4
6597 2 3 4
7427 2 3 4
7549 2 3 4
8643 2 3 4
9565 2 3 4
11135 2 3 4
11145 2 3 4
25620 2 3 4
12215 2 3 4
12451 2 3 4
13483 2 3 4
13933 2 3 4
15163 2 3 4
24070 2 3 4
15845 2 3 4
15943 2 3 4
16427 2 3 4
17407 2 3 4
17479 2 3 4
85 1 4
355 1 4
649 1 4
945 1 4
1355 1 4
1525 1 4
1811 1 4
2011 1 4
2247 1 4
2387 1 4
2427 1 4
2449 1 4
19921 1 4
3293 1 4
19987 1 4
20038 1 4
3843 1 4
4719 1 4
5003 1 4
20605 1 4
5449 1 4
5771 1 4
21001 1 4
21007 1 4
6669 1 4
6771 1 4
21085 1 4
7107 1 4
7135 1 4
7141 1 4
7467 1 4
7693 1 4
8323 1 4
8387 1 4
8863 1 4
21703 1 4
9757 1 4
10313 1 4
22201 1 4
10847 1 4
11703 1 4
11715 1 4
11771 1 4
11879 1 4
25676 1 4
13817 1 4
14055 1 4
23560 1 4
23845 1 4
14957 1 4
15043 1 4
24037 1 4
15573 1 4
15579 1 4
24061 1 4
15661 1 4
24163 1 4
15999 1 4
16493 1 4
16689 1 4
17005 1 4
17055 1 4
17081 1 4
17341 1 4
17397 1 4
17513 1 4
18621 1 4
205 2 5 6
285 2 5 6
539 2 5 6
2399 2 5 6
2435 2 5 6
2671 2 5 6
2731 2 5 6
2733 2 5 6
4273 2 5 6
4525 2 5 6
20488 2 5 6
4981 2 5 6
5423 2 5 6
21394 2 5 6
8661 2 5 6
21643 2 5 6
9163 2 5 6
9911 2 5 6
10135 2 5 6
22069 2 5 6
10269 2 5 6
25584 2 5 6
10805 2 5 6
22681 2 5 6
12949 2 5 6
13175 2 5 6
13227 2 5 6
14781 2 5 6
14813 2 5 6
14815 2 5 6
15029 2 5 6
23905 2 5 6
15707 2 5 6
24190 2 5 6
16177 2 5 6
17409 2 5 6
24721 2 5 6
17753 2 5 6
18297 2 5 6
18385 2 5 6
18663 2 5 6
18693 2 5 6
435 1 6
19222 1 6
1171 1 6
2623 1 6
2817 1 6
3241 1 6
3377 1 6
3397 1 6
3499 1 6
4221 1 6
5603 1 6
7195 1 6
7371 1 6
7429 1 6
25472 1 6
7775 1 6
8321 1 6
8885 1 6
9485 1 6
11005 1 6
22537 1 6
22687 1 6
12155 1 6
12523 1 6
13315 1 6
14355 1 6
14913 1 6
16009 1 6
16947 1 6
17759 1 6
18589 1 6
19153 3 7 8 9
19168 3 7 8 9
589 3 7 8 9
885 3 7 8 9
1513 3 7 8 9
19585 3 7 8 9
2407 3 7 8 9
2511 3 7 8 9
3061 3 7 8 9
3167 3 7 8 9
3883 3 7 8 9
3955 3 7 8 9
20569 3 7 8 9
5365 3 7 8 9
5457 3 7 8 9
5905 3 7 8 9
6939 3 7 8 9
7197 3 7 8 9
21250 3 7 8 9
8031 3 7 8 9
8055 3 7 8 9
8279 3 7 8 9
8589 3 7 8 9
8697 3 7 8 9
9019 3 7 8 9
21805 3 7 8 9
9413 3 7 8 9
9949 3 7 8 9
10167 3 7 8 9
22168 3 7 8 9
10981 3 7 8 9
11555 3 7 8 9
11813 3 7 8 9
12189 3 7 8 9
12997 3 7 8 9
13101 3 7 8 9
14197 3 7 8 9
15313 3 7 8 9
15959 3 7 8 9
15961 3 7 8 9
16199 3 7 8 9
16929 3 7 8 9
24499 3 7 8 9
17183 3 7 8 9
17689 3 7 8 9
24832 3 7 8 9
17889 3 7 8 9
24964 3 7 8 9
24991 3 7 8 9
18327 3 7 8 9
19105 2 8 9
843 2 8 9
1107 2 8 9
19426 2 8 9
1443 2 8 9
19492 2 8 9
1859 2 8 9
19858 2 8 9
3389 2 8 9
3493 2 8 9
3893 2 8 9
4195 2 8 9
4297 2 8 9
4409 2 8 9
4693 2 8 9
4977 2 8 9
5281 2 8 9
5765 2 8 9
5773 2 8 9
5921 2 8 9
6799 2 8 9
21136 2 8 9
7173 2 8 9
7347 2 8 9
7409 2 8 9
8151 2 8 9
8317 2 8 9
9381 2 8 9
9515 2 8 9
10821 2 8 9
22447 2 8 9
11801 2 8 9
11851 2 8 9
11979 2 8 9
22723 2 8 9
25672 2 8 9
22990 2 8 9
13529 2 8 9
13737 2 8 9
13941 2 8 9
14845 2 8 9
15277 2 8 9
23992 2 8 9
15549 2 8 9
17213 2 8 9
17461 2 8 9
17489 2 8 9
17805 2 8 9
18077 2 8 9
18689 2 8 9
811 1 9
2649 1 9
3881 1 9
9037 1 9
10215 1 9
12173 1 9
14601 1 9
15469 1 9
16921 1 9
17647 1 9
18457 1 9
19084 2 10 11
415 2 10 11
493 2 10 11
783 2 10 11
915 2 10 11
1025 2 10 11
1177 2 10 11
19468 2 10 11
1467 2 10 11
1483 2 10 11
1603 2 10 11
1769 2 10 11
19597 2 10 11
2183 2 10 11
19657 2 10 11
2221 2 10 11
2609 2 10 11
2695 2 10 11
3073 2 10 11
3561 2 10 11
3935 2 10 11
20338 2 10 11
4415 2 10 11
4685 2 10 11
20473 2 10 11
4725 2 10 11
4973 2 10 11
5275 2 10 11
5313 2 10 11
5315 2 10 11
5317 2 10 11
20677 2 10 11
5591 2 10 11
20773 2 10 11
5863 2 10 11
6123 2 10 11
20884 2 10 11
6617 2 10 11
7189 2 10 11
7301 2 10 11
7661 2 10 11
7733 2 10 11
8013 2 10 11
8421 2 10 11
8489 2 10 11
8683 2 10 11
8779 2 10 11
8827 2 10 11
8913 2 10 11
9077 2 10 11
9417 2 10 11
9869 2 10 11
9907 2 10 11
9915 2 10 11
10035 2 10 11
10113 2 10 11
10153 2 10 11
10239 2 10 11
10607 2 10 11
22264 2 10 11
10687 2 10 11
22351 2 10 11
11181 2 10 11
11509 2 10 11
11517 2 10 11
11605 2 10 11
22585 2 10 11
22636 2 10 11
11997 2 10 11
25632 2 10 11
12475 2 10 11
12511 2 10 11
12575 2 10 11
12681 2 10 11
22996 2 10 11
23008 2 10 11
12993 2 10 11
13073 2 10 11
13263 2 10 11
13277 2 10 11
13293 2 10 11
13591 2 10 11
13763 2 10 11
23431 2 10 11
13875 2 10 11
13903 2 10 11
14057 2 10 11
25756 2 10 11
14235 2 10 11
14487 2 10 11
14507 2 10 11
14787 2 10 11
15009 2 10 11
24055 2 10 11
15739 2 10 11
16423 2 10 11
16987 2 10 11
17223 2 10 11
17403 2 10 11
17845 2 10 11
17991 2 10 11
18065 2 10 11
18345 2 10 11
25045 2 10 11
18417 2 10 11
18927 2 10 11
19240 1 11
6135 1 11
6735 1 11
6867 1 11
6985 1 11
7137 1 11
21547 1 11
8849 1 11
10659 1 11
11829 1 11
25708 1 11
15829 1 11
17713 1 11
766 28 12 13 14 15 16 17 18 19 20 21 22 23 24 25 26 27 28 29 30 31 32 33 34 35 36 37 38 39
1136 28 12 13 14 15 16 17 18 19 20 21 22 23 24 25 26 27 28 29 30 31 32 33 34 35 36 37 38 39
1356 28 12 13 14 15 16 17 18 19 20 21 22 23 24 25 26 27 28 29 30 31 32 33 34 35 36 37 38 39
19572 28 12 13 14 15 16 17 18 19 20 21 22 23 24 25 26 27 28 29 30 31 32 33 34 35 36 37 38 39
1976 28 12 13 14 15 16 17 18 19 20 21 22 23 24 25 26 27 28 29 30 31 32 33 34 35 36 37 38 39
2208 28 12 13 14 15 16 17 18 19 20 21 22 23 24 25 26 27 28 29 30 31 32 33 34 35 36 37 38 39
2480 28 12 13 14 15 16 17 18 19 20 21 22 23 24 25 26 27 28 29 30 31 32 33 34 35 36 37 38 39
2484 28 12 13 14 15 16 17 18 19 20 21 22 23 24 25 26 27 28 29 30 31 32 33 34 35 36 37 38 39
2512 28 12 13 14 15 16 17 18 19 20 21 22 23 24 25 26 27 28 29 30 31 32 33 34 35 36 37 38 39
19791 28 12 13 14 15 16 17 18 19 20 21 22 23 24 25 26 27 28 29 30 31 32 33 34 35 36 37 38 39
2866 28 12 13 14 15 16 17 18 19 20 21 22 23 24 25 26 27 28 29 30 31 32 33 34 35 36 37 38 39
2966 28 12 13 14 15 16 17 18 19 20 21 22 23 24 25 26 27 28 29 30 31 32 33 34 35 36 37 38 39
3192 28 12 13 14 15 16 17 18 19 20 21 22 23 24 25 26 27 28 29 30 31 32 33 34 35 36 37 38 39
3578 28 12 13 14 15 16 17 18 19 20 21 22 23 24 25 26 27 28 29 30 31 32 33 34 35 36 37 38 39
4436 28 12 13 14 15 16 17 18 19 20 21 22 23 24 25 26 27 28 29 30 31 32 33 34 35 36 37 38 39
4886 28 12 13 14 15 16 17 18 19 20 21 22 23 24 25 26 27 28 29 30 31 32 33 34 35 36 37 38 39
5064 28 12 13 14 15 16 17 18 19 20 21 22 23 24 25 26 27 28 29 30 31 32 33 34 35 36 37 38 39
5142 28 12 13 14 15 16 17 18 19 20 21 22 23 24 25 26 27 28 29 30 31 32 33 34 35 36 37 38 39
5276 28 12 13 14 15 16 17 18 19 20 21 22 23 24 25 26 27 28 29 30 31 32 33 34 35 36 37 38 39
5496 28 12 13 14 15 16 17 18 19 20 21 22 23 24 25 26 27 28 29 30 31 32 33 34 35 36 37 38 39
5542 28 12 13 14 15 16 17 18 19 20 21 22 23 24 25 26 27 28 29 30 31 32 33 34 35 36 37 38 39
5616 28 12 13 14 15 16 17 18 19 20 21 22 23 24 25 26 27 28 29 30 31 32 33 34 35 36 37 38 39
5756 28 12 13 14 15 16 17 18 19 20 21 22 23 24 25 26 27 28 29 30 31 32 33 34 35 36 37 38 39
6098 28 12 13 14 15 16 17 18 19 20 21 22 23 24 25 26 27 28 29 30 31 32 33 34 35 36 37 38 39
6594 28 12 13 14 15 16 17 18 19 20 21 22 23 24 25 26 27 28 29 30 31 32 33 34 35 36 37 38 39
7052 28 12 13 14 15 16 17 18 19 20 21 22 23 24 25 26 27 28 29 30 31 32 33 34 35 36 37 38 39
8108 28 12 13 14 15 16 17 18 19 20 21 22 23 24 25 26 27 28 29 30 31 32 33 34 35 36 37 38 39
8154 28 12 13 14 15 16 17 18 19 20 21 22 23 24 25 26 27 28 29 30 31 32 33 34 35 36 37 38 39
21444 28 12 13 14 15 16 17 18 19 20 21 22 23 24 25 26 27 28 29 30 31 32 33 34 35 36 37 38 39
8662 28 12 13 14 15 16 17 18 19 20 21 22 23 24 25 26 27 28 29 30 31 32 33 34 35 36 37 38 39
9332 28 12 13 14 15 16 17 18 19 20 21 22 23 24 25 26 27 28 29 30 31 32 33 34 35 36 37 38 39
10390 28 12 13 14 15 16 17 18 19 20 21 22 23 24 25 26 27 28 29 30 31 32 33 34 35 36 37 38 39
10598 28 12 13 14 15 16 17 18 19 20 21 22 23 24 25 26 27 28 29 30 31 32 33 34 35 36 37 38 39
11736 28 12 13 14 15 16 17 18 19 20 21 22 23 24 25 26 27 28 29 30 31 32 33 34 35 36 37 38 39
12078 28 12 13 14 15 16 17 18 19 20 21 22 23 24 25 26 27 28 29 30 31 32 33 34 35 36 37 38 39
12170 28 12 13 14 15 16 17 18 19 20 21 22 23 24 25 26 27 28 29 30 31 32 33 34 35 36 37 38 39
12436 28 12 13 14 15 16 17 18 19 20 21 22 23 24 25 26 27 28 29 30 31 32 33 34 35 36 37 38 39
12630 28 12 13 14 15 16 17 18 19 20 21 22 23 24 25 26 27 28 29 30 31 32 33 34 35 36 37 38 39
12878 28 12 13 14 15 16 17 18 19 20 21 22 23 24 25 26 27 28 29 30 31 32 33 34 35 36 37 38 39
12994 28 12 13 14 15 16 17 18 19 20 21 22 23 24 25 26 27 28 29 30 31 32 33 34 35 36 37 38 39
23124 28 12 13 14 15 16 17 18 19 20 21 22 23 24 25 26 27 28 29 30 31 32 33 34 35 36 37 38 39
13638 28 12 13 14 15 16 17 18 19 20 21 22 23 24 25 26 27 28 29 30 31 32 33 34 35 36 37 38 39
23574 28 12 13 14 15 16 17 18 19 20 21 22 23 24 25 26 27 28 29 30 31 32 33 34 35 36 37 38 39
14302 28 12 13 14 15 16 17 18 19 20 21 22 23 24 25 26 27 28 29 30 31 32 33 34 35 36 37 38 39
15084 28 12 13 14 15 16 17 18 19 20 21 22 23 24 25 26 27 28 29 30 31 32 33 34 35 36 37 38 39
15756 28 12 13 14 15 16 17 18 19 20 21 22 23 24 25 26 27 28 29 30 31 32 33 34 35 36 37 38 39
16200 28 12 13 14 15 16 17 18 19 20 21 22 23 24 25 26 27 28 29 30 31 32 33 34 35 36 37 38 39
24411 28 12 13 14 15 16 17 18 19 20 21 22 23 24 25 26 27 28 29 30 31 32 33 34 35 36 37 38 39
17030 28 12 13 14 15 16 17 18 19 20 21 22 23 24 25 26 27 28 29 30 31 32 33 34 35 36 37 38 39
17394 28 12 13 14 15 16 17 18 19 20 21 22 23 24 25 26 27 28 29 30 31 32 33 34 35 36 37 38 39
17438 28 12 13 14 15 16 17 18 19 20 21 22 23 24 25 26 27 28 29 30 31 32 33 34 35 36 37 38 39
17938 28 12 13 14 15 16 17 18 19 20 21 22 23 24 25 26 27 28 29 30 31 32 33 34 35 36 37 38 39
18134 28 12 13 14 15 16 17 18 19 20 21 22 23 24 25 26 27 28 29 30 31 32 33 34 35 36 37 38 39
18460 28 12 13 14 15 16 17 18 19 20 21 22 23 24 25 26 27 28 29 30 31 32 33 34 35 36 37 38 39
19002 28 12 13 14 15 16 17 18 19 20 21 22 23 24 25 26 27 28 29 30 31 32 33 34 35 36 37 38 39
397 5 13 14 15 16 17
445 5 13 14 15 16 17
19510 5 13 14 15 16 17
2465 5 13 14 15 16 17
3283 5 13 14 15 16 17
3685 5 13 14 15 16 17
20323 5 13 14 15 16 17
4337 5 13 14 15 16 17
4433 5 13 14 15 16 17
6379 5 13 14 15 16 17
6615 5 13 14 15 16 17
21232 5 13 14 15 16 17
8271 5 13 14 15 16 17
8795 5 13 14 15 16 17
21619 5 13 14 15 16 17
9517 5 13 14 15 16 17
9617 5 13 14 15 16 17
9733 5 13 14 15 16 17
9753 5 13 14 15 16 17
9803 5 13 14 15 16 17
10111 5 13 14 15 16 17
11271 5 13 14 15 16 17
11553 5 13 14 15 16 17
12025 5 13 14 15 16 17
12975 5 13 14 15 16 17
13989 5 13 14 15 16 17
14125 5 13 14 15 16 17
25792 5 13 14 15 16 17
15187 5 13 14 15 16 17
24217 5 13 14 15 16 17
24256 5 13 14 15 16 17
25872 5 13 14 15 16 17
16403 5 13 14 15 16 17
24364 5 13 14 15 16 17
16587 5 13 14 15 16 17
16747 5 13 14 15 16 17
17579 5 13 14 15 16 17
18587 5 13 14 15 16 17
18667 5 13 14 15 16 17
18873 5 13 14 15 16 17
1435 2 14 15
2961 2 14 15
4237 2 14 15
5651 2 14 15
8371 2 14 15
9227 2 14 15
21793 2 14 15
11141 2 14 15
11207 2 14 15
11857 2 14 15
12697 2 14 15
12953 2 14 15
23095 2 14 15
13473 2 14 15
23377 2 14 15
13863 2 14 15
15321 2 14 15
17017 2 14 15
24850 2 14 15
25057 2 14 15
641 1 15
867 1 15
891 1 15
1677 1 15
4315 1 15
20446 1 15
20578 1 15
5575 1 15
5601 1 15
21061 1 15
8237 1 15
8811 1 15
8951 1 15
9525 1 15
22384 1 15
11289 1 15
12585 1 15
13755 1 15
23446 1 15
13847 1 15
13943 1 15
23554 1 15
14649 1 15
14785 1 15
15229 1 15
15907 1 15
16941 1 15
17201 1 15
24784 1 15
24877 1 15
18001 1 15
18209 1 15
18341 1 15
563 2 16 17
2161 2 16 17
19660 2 16 17
19666 2 16 17
4061 2 16 17
4295 2 16 17
5157 2 16 17
20647 2 16 17
8993 2 16 17
11611 2 16 17
12145 2 16 17
501 1 17
697 1 17
1767 1 17
2177 1 17
2831 1 17
3089 1 17
4347 1 17
4765 1 17
5013 1 17
20998 1 17
6765 1 17
7349 1 17
7411 1 17
8511 1 17
21898 1 17
11745 1 17
12023 1 17
12371 1 17
12493 1 17
22897 1 17
13005 1 17
13009 1 17
14331 1 17
15251 1 17
15275 1 17
25852 1 17
24469 1 17
16955 1 17
18545 1 17
18643 1 17
18733 1 17
347 3 18 19 20
1153 3 18 19 20
1229 3 18 19 20
1673 3 18 19 20
1903 3 18 19 20
2065 3 18 19 20
2213 3 18 19 20
2739 3 18 19 20
2877 3 18 19 20
2899 3 18 19 20
3869 3 18 19 20
4187 3 18 19 20
6265 3 18 19 20
6369 3 18 19 20
6501 3 18 19 20
6929 3 18 19 20
7303 3 18 19 20
7483 3 18 19 20
7569 3 18 19 20
7987 3 18 19 20
8153 3 18 19 20
8221 3 18 19 20
8979 3 18 19 20
8981 3 18 19 20
9301 3 18 19 20
9393 3 18 19 20
9571 3 18 19 20
9743 3 18 19 20
21973 3 18 19 20
9993 3 18 19 20
22036 3 18 19 20
10417 3 18 19 20
10577 3 18 19 20
10593 3 18 19 20
10701 3 18 19 20
10715 3 18 19 20
22342 3 18 19 20
11043 3 18 19 20
11839 3 18 19 20
12197 3 18 19 20
23224 3 18 19 20
13387 3 18 19 20
13807 3 18 19 20
13869 3 18 19 20
23713 3 18 19 20
14747 3 18 19 20
25808 3 18 19 20
15665 3 18 19 20
16409 3 18 19 20
16417 3 18 19 20
17299 3 18 19 20
17697 3 18 19 20
17931 3 18 19 20
24910 3 18 19 20
18265 3 18 19 20
25027 3 18 19 20
18445 3 18 19 20
18449 3 18 19 20
18783 3 18 19 20
25210 3 18 19 20
18893 3 18 19 20
25225 3 18 19 20
18993 3 18 19 20
123 2 19 20
531 2 19 20
1099 2 19 20
2019 2 19 20
2563 2 19 20
2833 2 19 20
6585 2 19 20
21895 2 19 20
10455 2 19 20
22309 2 19 20
13037 2 19 20
23200 2 19 20
14483 2 19 20
18597 2 19 20
95 1 20
607 1 20
19558 1 20
19891 1 20
3171 1 20
3557 1 20
20371 1 20
4819 1 20
6007 1 20
6227 1 20
21496 1 20
9311 1 20
21790 1 20
22216 1 20
22918 1 20
13517 1 20
13679 1 20
14639 1 20
14941 1 20
24352 1 20
18375 1 20
18841 1 20
159 8 21 22 23 24 25 26 27 28
937 8 21 22 23 24 25 26 27 28
2655 8 21 22 23 24 25 26 27 28
2791 8 21 22 23 24 25 26 27 28
20017 8 21 22 23 24 25 26 27 28
20074 8 21 22 23 24 25 26 27 28
20137 8 21 22 23 24 25 26 27 28
3749 8 21 22 23 24 25 26 27 28
3871 8 21 22 23 24 25 26 27 28
5141 8 21 22 23 24 25 26 27 28
5271 8 21 22 23 24 25 26 27 28
20983 8 21 22 23 24 25 26 27 28
21562 8 21 22 23 24 25 26 27 28
8943 8 21 22 23 24 25 26 27 28
10817 8 21 22 23 24 25 26 27 28
11789 8 21 22 23 24 25 26 27 28
13375 8 21 22 23 24 25 26 27 28
15967 8 21 22 23 24 25 26 27 28
16441 8 21 22 23 24 25 26 27 28
17533 8 21 22 23 24 25 26 27 28
17669 8 21 22 23 24 25 26 27 28
17961 8 21 22 23 24 25 26 27 28
25078 8 21 22 23 24 25 26 27 28
18591 8 21 22 23 24 25 26 27 28
19192 2 22 23
1341 2 22 23
19453 2 22 23
19513 2 22 23
2565 2 22 23
3133 2 22 23
20245 2 22 23
20278 2 22 23
4633 2 22 23
4859 2 22 23
5061 2 22 23
5785 2 22 23
7109 2 22 23
7981 2 22 23
8093 2 22 23
8313 2 22 23
9737 2 22 23
22231 2 22 23
10957 2 22 23
11477 2 22 23
22573 2 22 23
12535 2 22 23
22945 2 22 23
12769 2 22 23
13185 2 22 23
13477 2 22 23
23398 2 22 23
13703 2 22 23
23596 2 22 23
14391 2 22 23
14633 2 22 23
14721 2 22 23
14763 2 22 23
14935 2 22 23
15339 2 22 23
15751 2 22 23
17135 2 22 23
17215 2 22 23
17601 2 22 23
17989 2 22 23
18133 2 22 23
18373 2 22 23
18479 2 22 23
18631 2 22 23
18641 2 22 23
18889 2 22 23
37 1 23
63 1 23
487 1 23
1343 1 23
1429 1 23
1987 1 23
2263 1 23
3361 1 23
4891 1 23
5331 1 23
5547 1 23
5555 1 23
20818 1 23
6031 1 23
6417 1 23
7971 1 23
8217 1 23
8911 1 23
10365 1 23
10477 1 23
10685 1 23
12373 1 23
13337 1 23
14497 1 23
15057 1 23
15881 1 23
16313 1 23
17035 1 23
17193 1 23
17343 1 23
24748 1 23
17539 1 23
17585 1 23
18381 1 23
25207 1 23
77 1 24
2043 1 24
2385 1 24
3969 1 24
4411 1 24
20635 1 24
5931 1 24
7687 1 24
7925 1 24
25500 1 24
21679 1 24
9211 1 24
9275 1 24
10881 1 24
22747 1 24
13231 1 24
14003 1 24
14655 1 24
15543 1 24
16911 1 24
18721 1 24
18899 1 24
19840 4 25 26 27 28
4811 4 25 26 27 28
5817 4 25 26 27 28
11199 4 25 26 27 28
25820 4 25 26 27 28
1113 1 26
1995 1 26
20575 1 26
5627 1 26
5695 1 26
6083 1 26
8583 1 26
9233 1 26
9501 1 26
9555 1 26
23488 1 26
14111 1 26
18567 1 26
18619 1 26
333 2 27 28
19927 2 27 28
3821 2 27 28
4671 2 27 28
4889 2 27 28
20614 2 27 28
6129 2 27 28
7559 2 27 28
7751 2 27 28
8861 2 27 28
10125 2 27 28
22144 2 27 28
22246 2 27 28
12981 2 27 28
13311 2 27 28
14025 2 27 28
14975 2 27 28
23872 2 27 28
15203 2 27 28
24595 2 27 28
18775 2 27 28
18977 2 27 28
2711 1 28
5583 1 28
11761 1 28
18247 1 28
18819 1 28
5103 4 29 30 31 32
20812 4 29 30 31 32
6125 4 29 30 31 32
6405 4 29 30 31 32
6787 4 29 30 31 32
7495 4 29 30 31 32
7995 4 29 30 31 32
9111 4 29 30 31 32
22117 4 29 30 31 32
12157 4 29 30 31 32
25656 4 29 30 31 32
12393 4 29 30 31 32
12635 4 29 30 31 32
22969 4 29 30 31 32
13131 4 29 30 31 32
23374 4 29 30 31 32
14645 4 29 30 31 32
23986 4 29 30 31 32
17045 4 29 30 31 32
17249 4 29 30 31 32
24715 4 29 30 31 32
17553 4 29 30 31 32
18049 4 29 30 31 32
25060 4 29 30 31 32
19408 3 30 31 32
1515 3 30 31 32
4499 3 30 31 32
4869 3 30 31 32
20611 3 30 31 32
5491 3 30 31 32
7897 3 30 31 32
9043 3 30 31 32
9125 3 30 31 32
9379 3 30 31 32
10219 3 30 31 32
11953 3 30 31 32
22828 3 30 31 32
22885 3 30 31 32
13551 3 30 31 32
14525 3 30 31 32
14751 3 30 31 32
14803 3 30 31 32
24259 3 30 31 32
16993 3 30 31 32
17609 3 30 31 32
18847 3 30 31 32
1257 1 31
19591 1 31
1853 1 31
1935 1 31
2537 1 31
3337 1 31
5915 1 31
23356 1 31
14357 1 31
18601 1 31
19120 1 32
19183 1 32
427 1 32
19261 1 32
787 1 32
797 1 32
1765 1 32
1783 1 32
1963 1 32
2059 1 32
2267 1 32
19741 1 32
2501 1 32
3259 1 32
3357 1 32
4239 1 32
20311 1 32
4613 1 32
4883 1 32
4895 1 32
5819 1 32
6217 1 32
6613 1 32
6773 1 32
6909 1 32
21256 1 32
7543 1 32
21331 1 32
8411 1 32
9723 1 32
10469 1 32
10813 1 32
10927 1 32
11653 1 32
11783 1 32
12117 1 32
12287 1 32
12645 1 32
13117 1 32
13199 1 32
13285 1 32
23434 1 32
13937 1 32
14169 1 32
14319 1 32
14407 1 32
23704 1 32
15511 1 32
15519 1 32
15979 1 32
16451 1 32
24763 1 32
17599 1 32
17663 1 32
17907 1 32
18123 1 32
18189 1 32
18905 1 32
19108 4 33 34 35 36
407 4 33 34 35 36
765 4 33 34 35 36
1651 4 33 34 35 36
22129 4 33 34 35 36
25704 4 33 34 35 36
13605 4 33 34 35 36
69 3 34 35 36
1235 3 34 35 36
1397 3 34 35 36
1431 3 34 35 36
2079 3 34 35 36
2167 3 34 35 36
2461 3 34 35 36
2885 3 34 35 36
2921 3 34 35 36
3059 3 34 35 36
3277 3 34 35 36
4163 3 34 35 36
4211 3 34 35 36
5417 3 34 35 36
5941 3 34 35 36
6491 3 34 35 36
7671 3 34 35 36
8903 3 34 35 36
9405 3 34 35 36
9863 3 34 35 36
10329 3 34 35 36
12123 3 34 35 36
12843 3 34 35 36
23050 3 34 35 36
13525 3 34 35 36
14195 3 34 35 36
14449 3 34 35 36
15787 3 34 35 36
16041 3 34 35 36
18161 3 34 35 36
18171 3 34 35 36
585 1 35
1181 1 35
1223 1 35
4161 1 35
20305 1 35
25388 1 35
7001 1 35
8461 1 35
8815 1 35
13081 1 35
13895 1 35
15209 1 35
17303 1 35
18999 1 35
739 1 36
793 1 36
2841 1 36
4009 1 36
5067 1 36
6181 1 36
6281 1 36
6645 1 36
7457 1 36
21292 1 36
21325 1 36
7727 1 36
21661 1 36
22333 1 36
11069 1 36
12057 1 36
12497 1 36
14281 1 36
23716 1 36
14869 1 36
16631 1 36
24520 1 36
17597 1 36
18087 1 36
18745 1 36
20545 1 37
5691 1 37
13597 1 37
13673 1 37
16229 1 37
17117 1 37
18293 1 37
534 2 38 39
19479 2 38 39
2678 2 38 39
4630 2 38 39
7700 2 38 39
9854 2 38 39
10492 2 38 39
14908 2 38 39
107 1 39
199 1 39
753 1 39
1399 1 39
1405 1 39
2005 1 39
25316 1 39
20335 1 39
4989 1 39
20665 1 39
6011 1 39
6087 1 39
7033 1 39
7183 1 39
8369 1 39
8431 1 39
8545 1 39
8791 1 39
11841 1 39
12709 1 39
12857 1 39
13579 1 39
13599 1 39
23593 1 39
16179 1 39
17679 1 39
18535 1 39
