91 12 0 1 2 3 4 5 6 7 8 9 10 11
221 12 0 1 2 3 4 5 6 7 8 9 10 11
223 12 0 1 2 3 4 5 6 7 8 9 10 11
253 12 0 1 2 3 4 5 6 7 8 9 10 11
385 12 0 1 2 3 4 5 6 7 8 9 10 11
439 12 0 1 2 3 4 5 6 7 8 9 10 11
467 12 0 1 2 3 4 5 6 7 8 9 10 11
505 12 0 1 2 3 4 5 6 7 8 9 10 11
533 12 0 1 2 3 4 5 6 7 8 9 10 11
577 12 0 1 2 3 4 5 6 7 8 9 10 11
777 12 0 1 2 3 4 5 6 7 8 9 10 11
837 12 0 1 2 3 4 5 6 7 8 9 10 11
921 12 0 1 2 3 4 5 6 7 8 9 10 11
945 12 0 1 2 3 4 5 6 7 8 9 10 11
985 12 0 1 2 3 4 5 6 7 8 9 10 11
997 12 0 1 2 3 4 5 6 7 8 9 10 11
1039 12 0 1 2 3 4 5 6 7 8 9 10 11
1045 12 0 1 2 3 4 5 6 7 8 9 10 11
1089 12 0 1 2 3 4 5 6 7 8 9 10 11
1121 12 0 1 2 3 4 5 6 7 8 9 10 11
1165 12 0 1 2 3 4 5 6 7 8 9 10 11
1195 12 0 1 2 3 4 5 6 7 8 9 10 11
1217 12 0 1 2 3 4 5 6 7 8 9 10 11
1299 12 0 1 2 3 4 5 6 7 8 9 10 11
1439 12 0 1 2 3 4 5 6 7 8 9 10 11
1453 12 0 1 2 3 4 5 6 7 8 9 10 11
1463 12 0 1 2 3 4 5 6 7 8 9 10 11
1493 12 0 1 2 3 4 5 6 7 8 9 10 11
1515 12 0 1 2 3 4 5 6 7 8 9 10 11
1525 12 0 1 2 3 4 5 6 7 8 9 10 11
1575 12 0 1 2 3 4 5 6 7 8 9 10 11
1583 12 0 1 2 3 4 5 6 7 8 9 10 11
1593 12 0 1 2 3 4 5 6 7 8 9 10 11
1653 12 0 1 2 3 4 5 6 7 8 9 10 11
1713 12 0 1 2 3 4 5 6 7 8 9 10 11
1743 12 0 1 2 3 4 5 6 7 8 9 10 11
1847 12 0 1 2 3 4 5 6 7 8 9 10 11
1861 12 0 1 2 3 4 5 6 7 8 9 10 11
1879 12 0 1 2 3 4 5 6 7 8 9 10 11
1937 12 0 1 2 3 4 5 6 7 8 9 10 11
2033 12 0 1 2 3 4 5 6 7 8 9 10 11
2067 12 0 1 2 3 4 5 6 7 8 9 10 11
2127 12 0 1 2 3 4 5 6 7 8 9 10 11
2167 12 0 1 2 3 4 5 6 7 8 9 10 11
2321 12 0 1 2 3 4 5 6 7 8 9 10 11
2323 12 0 1 2 3 4 5 6 7 8 9 10 11
2385 12 0 1 2 3 4 5 6 7 8 9 10 11
2455 12 0 1 2 3 4 5 6 7 8 9 10 11
2505 12 0 1 2 3 4 5 6 7 8 9 10 11
2535 12 0 1 2 3 4 5 6 7 8 9 10 11
2549 12 0 1 2 3 4 5 6 7 8 9 10 11
2565 12 0 1 2 3 4 5 6 7 8 9 10 11
2599 12 0 1 2 3 4 5 6 7 8 9 10 11
2619 12 0 1 2 3 4 5 6 7 8 9 10 11
2659 12 0 1 2 3 4 5 6 7 8 9 10 11
2671 12 0 1 2 3 4 5 6 7 8 9 10 11
2707 12 0 1 2 3 4 5 6 7 8 9 10 11
2725 12 0 1 2 3 4 5 6 7 8 9 10 11
2763 12 0 1 2 3 4 5 6 7 8 9 10 11
2767 12 0 1 2 3 4 5 6 7 8 9 10 11
2809 12 0 1 2 3 4 5 6 7 8 9 10 11
2827 12 0 1 2 3 4 5 6 7 8 9 10 11
2829 12 0 1 2 3 4 5 6 7 8 9 10 11
2863 12 0 1 2 3 4 5 6 7 8 9 10 11
2923 12 0 1 2 3 4 5 6 7 8 9 10 11
2933 12 0 1 2 3 4 5 6 7 8 9 10 11
3035 12 0 1 2 3 4 5 6 7 8 9 10 11
3057 12 0 1 2 3 4 5 6 7 8 9 10 11
3107 12 0 1 2 3 4 5 6 7 8 9 10 11
3125 12 0 1 2 3 4 5 6 7 8 9 10 11
3345 12 0 1 2 3 4 5 6 7 8 9 10 11
3347 12 0 1 2 3 4 5 6 7 8 9 10 11
3435 12 0 1 2 3 4 5 6 7 8 9 10 11
3461 12 0 1 2 3 4 5 6 7 8 9 10 11
3463 12 0 1 2 3 4 5 6 7 8 9 10 11
3477 12 0 1 2 3 4 5 6 7 8 9 10 11
3479 12 0 1 2 3 4 5 6 7 8 9 10 11
3501 12 0 1 2 3 4 5 6 7 8 9 10 11
3509 12 0 1 2 3 4 5 6 7 8 9 10 11
3563 12 0 1 2 3 4 5 6 7 8 9 10 11
3565 12 0 1 2 3 4 5 6 7 8 9 10 11
3633 12 0 1 2 3 4 5 6 7 8 9 10 11
3947 12 0 1 2 3 4 5 6 7 8 9 10 11
3975 12 0 1 2 3 4 5 6 7 8 9 10 11
3991 12 0 1 2 3 4 5 6 7 8 9 10 11
3999 12 0 1 2 3 4 5 6 7 8 9 10 11
4001 12 0 1 2 3 4 5 6 7 8 9 10 11
4023 12 0 1 2 3 4 5 6 7 8 9 10 11
4053 12 0 1 2 3 4 5 6 7 8 9 10 11
4065 12 0 1 2 3 4 5 6 7 8 9 10 11
4151 12 0 1 2 3 4 5 6 7 8 9 10 11
4261 12 0 1 2 3 4 5 6 7 8 9 10 11
4341 12 0 1 2 3 4 5 6 7 8 9 10 11
4373 12 0 1 2 3 4 5 6 7 8 9 10 11
4393 12 0 1 2 3 4 5 6 7 8 9 10 11
4397 12 0 1 2 3 4 5 6 7 8 9 10 11
4499 12 0 1 2 3 4 5 6 7 8 9 10 11
4569 12 0 1 2 3 4 5 6 7 8 9 10 11
4573 12 0 1 2 3 4 5 6 7 8 9 10 11
4581 12 0 1 2 3 4 5 6 7 8 9 10 11
4593 12 0 1 2 3 4 5 6 7 8 9 10 11
4613 12 0 1 2 3 4 5 6 7 8 9 10 11
4651 12 0 1 2 3 4 5 6 7 8 9 10 11
4679 12 0 1 2 3 4 5 6 7 8 9 10 11
4713 12 0 1 2 3 4 5 6 7 8 9 10 11
4719 12 0 1 2 3 4 5 6 7 8 9 10 11
4761 12 0 1 2 3 4 5 6 7 8 9 10 11
4779 12 0 1 2 3 4 5 6 7 8 9 10 11
4821 12 0 1 2 3 4 5 6 7 8 9 10 11
4855 12 0 1 2 3 4 5 6 7 8 9 10 11
4953 12 0 1 2 3 4 5 6 7 8 9 10 11
5097 12 0 1 2 3 4 5 6 7 8 9 10 11
5135 12 0 1 2 3 4 5 6 7 8 9 10 11
5177 12 0 1 2 3 4 5 6 7 8 9 10 11
5215 12 0 1 2 3 4 5 6 7 8 9 10 11
5229 12 0 1 2 3 4 5 6 7 8 9 10 11
5239 12 0 1 2 3 4 5 6 7 8 9 10 11
5251 12 0 1 2 3 4 5 6 7 8 9 10 11
5253 12 0 1 2 3 4 5 6 7 8 9 10 11
5435 12 0 1 2 3 4 5 6 7 8 9 10 11
5461 12 0 1 2 3 4 5 6 7 8 9 10 11
5625 12 0 1 2 3 4 5 6 7 8 9 10 11
5647 12 0 1 2 3 4 5 6 7 8 9 10 11
5887 12 0 1 2 3 4 5 6 7 8 9 10 11
5991 12 0 1 2 3 4 5 6 7 8 9 10 11
6063 12 0 1 2 3 4 5 6 7 8 9 10 11
6109 12 0 1 2 3 4 5 6 7 8 9 10 11
6245 12 0 1 2 3 4 5 6 7 8 9 10 11
6251 12 0 1 2 3 4 5 6 7 8 9 10 11
6363 12 0 1 2 3 4 5 6 7 8 9 10 11
6373 12 0 1 2 3 4 5 6 7 8 9 10 11
6377 12 0 1 2 3 4 5 6 7 8 9 10 11
6415 12 0 1 2 3 4 5 6 7 8 9 10 11
6419 12 0 1 2 3 4 5 6 7 8 9 10 11
6443 12 0 1 2 3 4 5 6 7 8 9 10 11
6455 12 0 1 2 3 4 5 6 7 8 9 10 11
6505 12 0 1 2 3 4 5 6 7 8 9 10 11
6525 12 0 1 2 3 4 5 6 7 8 9 10 11
6533 12 0 1 2 3 4 5 6 7 8 9 10 11
6581 12 0 1 2 3 4 5 6 7 8 9 10 11
6599 12 0 1 2 3 4 5 6 7 8 9 10 11
6621 12 0 1 2 3 4 5 6 7 8 9 10 11
6671 12 0 1 2 3 4 5 6 7 8 9 10 11
6695 12 0 1 2 3 4 5 6 7 8 9 10 11
6721 12 0 1 2 3 4 5 6 7 8 9 10 11
6765 12 0 1 2 3 4 5 6 7 8 9 10 11
6889 12 0 1 2 3 4 5 6 7 8 9 10 11
6925 12 0 1 2 3 4 5 6 7 8 9 10 11
6955 12 0 1 2 3 4 5 6 7 8 9 10 11
7097 12 0 1 2 3 4 5 6 7 8 9 10 11
7261 12 0 1 2 3 4 5 6 7 8 9 10 11
7269 12 0 1 2 3 4 5 6 7 8 9 10 11
7279 12 0 1 2 3 4 5 6 7 8 9 10 11
7401 12 0 1 2 3 4 5 6 7 8 9 10 11
7531 12 0 1 2 3 4 5 6 7 8 9 10 11
7619 12 0 1 2 3 4 5 6 7 8 9 10 11
7769 12 0 1 2 3 4 5 6 7 8 9 10 11
7873 12 0 1 2 3 4 5 6 7 8 9 10 11
7989 12 0 1 2 3 4 5 6 7 8 9 10 11
8007 12 0 1 2 3 4 5 6 7 8 9 10 11
8015 12 0 1 2 3 4 5 6 7 8 9 10 11
8077 12 0 1 2 3 4 5 6 7 8 9 10 11
8087 12 0 1 2 3 4 5 6 7 8 9 10 11
8101 12 0 1 2 3 4 5 6 7 8 9 10 11
8119 12 0 1 2 3 4 5 6 7 8 9 10 11
8187 12 0 1 2 3 4 5 6 7 8 9 10 11
8219 12 0 1 2 3 4 5 6 7 8 9 10 11
8221 12 0 1 2 3 4 5 6 7 8 9 10 11
8233 12 0 1 2 3 4 5 6 7 8 9 10 11
8291 12 0 1 2 3 4 5 6 7 8 9 10 11
8383 12 0 1 2 3 4 5 6 7 8 9 10 11
8465 12 0 1 2 3 4 5 6 7 8 9 10 11
8475 12 0 1 2 3 4 5 6 7 8 9 10 11
8515 12 0 1 2 3 4 5 6 7 8 9 10 11
8523 12 0 1 2 3 4 5 6 7 8 9 10 11
8557 12 0 1 2 3 4 5 6 7 8 9 10 11
8569 12 0 1 2 3 4 5 6 7 8 9 10 11
8587 12 0 1 2 3 4 5 6 7 8 9 10 11
8607 12 0 1 2 3 4 5 6 7 8 9 10 11
8641 12 0 1 2 3 4 5 6 7 8 9 10 11
8825 12 0 1 2 3 4 5 6 7 8 9 10 11
8903 12 0 1 2 3 4 5 6 7 8 9 10 11
8995 12 0 1 2 3 4 5 6 7 8 9 10 11
9105 12 0 1 2 3 4 5 6 7 8 9 10 11
9133 12 0 1 2 3 4 5 6 7 8 9 10 11
9155 12 0 1 2 3 4 5 6 7 8 9 10 11
9165 12 0 1 2 3 4 5 6 7 8 9 10 11
9173 12 0 1 2 3 4 5 6 7 8 9 10 11
9211 12 0 1 2 3 4 5 6 7 8 9 10 11
9391 12 0 1 2 3 4 5 6 7 8 9 10 11
9409 12 0 1 2 3 4 5 6 7 8 9 10 11
9459 12 0 1 2 3 4 5 6 7 8 9 10 11
9529 12 0 1 2 3 4 5 6 7 8 9 10 11
9561 12 0 1 2 3 4 5 6 7 8 9 10 11
9583 12 0 1 2 3 4 5 6 7 8 9 10 11
9733 12 0 1 2 3 4 5 6 7 8 9 10 11
9769 12 0 1 2 3 4 5 6 7 8 9 10 11
9777 12 0 1 2 3 4 5 6 7 8 9 10 11
9781 12 0 1 2 3 4 5 6 7 8 9 10 11
9833 12 0 1 2 3 4 5 6 7 8 9 10 11
9849 12 0 1 2 3 4 5 6 7 8 9 10 11
9883 12 0 1 2 3 4 5 6 7 8 9 10 11
9911 12 0 1 2 3 4 5 6 7 8 9 10 11
9937 12 0 1 2 3 4 5 6 7 8 9 10 11
9969 12 0 1 2 3 4 5 6 7 8 9 10 11
10057 12 0 1 2 3 4 5 6 7 8 9 10 11
10083 12 0 1 2 3 4 5 6 7 8 9 10 11
10093 12 0 1 2 3 4 5 6 7 8 9 10 11
10095 12 0 1 2 3 4 5 6 7 8 9 10 11
10097 12 0 1 2 3 4 5 6 7 8 9 10 11
10105 12 0 1 2 3 4 5 6 7 8 9 10 11
10121 12 0 1 2 3 4 5 6 7 8 9 10 11
10133 12 0 1 2 3 4 5 6 7 8 9 10 11
10153 12 0 1 2 3 4 5 6 7 8 9 10 11
10177 12 0 1 2 3 4 5 6 7 8 9 10 11
10203 12 0 1 2 3 4 5 6 7 8 9 10 11
10219 12 0 1 2 3 4 5 6 7 8 9 10 11
10297 12 0 1 2 3 4 5 6 7 8 9 10 11
10373 12 0 1 2 3 4 5 6 7 8 9 10 11
10519 12 0 1 2 3 4 5 6 7 8 9 10 11
10539 12 0 1 2 3 4 5 6 7 8 9 10 11
10615 12 0 1 2 3 4 5 6 7 8 9 10 11
10619 12 0 1 2 3 4 5 6 7 8 9 10 11
10623 12 0 1 2 3 4 5 6 7 8 9 10 11
10675 12 0 1 2 3 4 5 6 7 8 9 10 11
10707 12 0 1 2 3 4 5 6 7 8 9 10 11
10731 12 0 1 2 3 4 5 6 7 8 9 10 11
10853 12 0 1 2 3 4 5 6 7 8 9 10 11
10855 12 0 1 2 3 4 5 6 7 8 9 10 11
10957 12 0 1 2 3 4 5 6 7 8 9 10 11
10985 12 0 1 2 3 4 5 6 7 8 9 10 11
10997 12 0 1 2 3 4 5 6 7 8 9 10 11
11027 12 0 1 2 3 4 5 6 7 8 9 10 11
387 8 1 2 3 4 5 6 7 8
797 8 1 2 3 4 5 6 7 8
1091 8 1 2 3 4 5 6 7 8
1785 8 1 2 3 4 5 6 7 8
1919 8 1 2 3 4 5 6 7 8
3897 8 1 2 3 4 5 6 7 8
4541 8 1 2 3 4 5 6 7 8
4611 8 1 2 3 4 5 6 7 8
9943 8 1 2 3 4 5 6 7 8
10039 8 1 2 3 4 5 6 7 8
10529 8 1 2 3 4 5 6 7 8
10643 8 1 2 3 4 5 6 7 8
10889 8 1 2 3 4 5 6 7 8
11007 8 1 2 3 4 5 6 7 8
195 2 2 3
569 2 2 3
789 2 2 3
835 2 2 3
883 2 2 3
1257 2 2 3
1379 2 2 3
2181 2 2 3
2585 2 2 3
2653 2 2 3
3203 2 2 3
3535 2 2 3
4441 2 2 3
4825 2 2 3
5167 2 2 3
5203 2 2 3
6949 2 2 3
7305 2 2 3
7593 2 2 3
8055 2 2 3
8297 2 2 3
9065 2 2 3
9127 2 2 3
9405 2 2 3
10351 2 2 3
10465 2 2 3
10727 2 2 3
1233 1 3
1281 1 3
1619 1 3
1843 1 3
1877 1 3
2131 1 3
2523 1 3
3025 1 3
3843 1 3
4123 1 3
4405 1 3
4737 1 3
4959 1 3
5891 1 3
5933 1 3
5949 1 3
6127 1 3
6157 1 3
6297 1 3
6317 1 3
6429 1 3
6725 1 3
6773 1 3
6951 1 3
7023 1 3
7533 1 3
7597 1 3
8067 1 3
8379 1 3
8933 1 3
9011 1 3
9341 1 3
9457 1 3
27 1 4
197 1 4
541 1 4
591 1 4
989 1 4
1213 1 4
1309 1 4
1447 1 4
1467 1 4
1469 1 4
1473 1 4
1737 1 4
1815 1 4
2019 1 4
2145 1 4
2731 1 4
3049 1 4
3263 1 4
3445 1 4
3531 1 4
3989 1 4
4037 1 4
4591 1 4
4685 1 4
4757 1 4
4873 1 4
4911 1 4
5085 1 4
5157 1 4
5183 1 4
5287 1 4
5331 1 4
5365 1 4
5371 1 4
5375 1 4
5629 1 4
6113 1 4
6425 1 4
6619 1 4
6817 1 4
6869 1 4
6907 1 4
7011 1 4
7061 1 4
7297 1 4
7439 1 4
7525 1 4
7537 1 4
7623 1 4
7645 1 4
7761 1 4
8317 1 4
8449 1 4
8797 1 4
8811 1 4
8813 1 4
8827 1 4
8897 1 4
9061 1 4
9139 1 4
9425 1 4
9513 1 4
9635 1 4
9725 1 4
9859 1 4
9923 1 4
9979 1 4
10245 1 4
10287 1 4
10315 1 4
10679 1 4
10769 1 4
10823 1 4
10989 1 4
63 4 5 6 7 8
631 4 5 6 7 8
793 4 5 6 7 8
827 4 5 6 7 8
893 4 5 6 7 8
1301 4 5 6 7 8
1489 4 5 6 7 8
1965 4 5 6 7 8
2107 4 5 6 7 8
2137 4 5 6 7 8
2205 4 5 6 7 8
2879 4 5 6 7 8
3297 4 5 6 7 8
3753 4 5 6 7 8
4279 4 5 6 7 8
4343 4 5 6 7 8
4913 4 5 6 7 8
6549 4 5 6 7 8
6553 4 5 6 7 8
7249 4 5 6 7 8
7863 4 5 6 7 8
8117 4 5 6 7 8
8129 4 5 6 7 8
8843 4 5 6 7 8
9223 4 5 6 7 8
9339 4 5 6 7 8
9395 4 5 6 7 8
9605 4 5 6 7 8
10139 4 5 6 7 8
115 1 6
293 1 6
859 1 6
861 1 6
1083 1 6
1143 1 6
1247 1 6
1253 1 6
1317 1 6
1383 1 6
1739 1 6
1897 1 6
2463 1 6
2509 1 6
2699 1 6
2901 1 6
3169 1 6
3739 1 6
3791 1 6
4049 1 6
4539 1 6
4973 1 6
5191 1 6
5261 1 6
5617 1 6
5695 1 6
5813 1 6
5937 1 6
5977 1 6
6055 1 6
6597 1 6
6701 1 6
6775 1 6
7243 1 6
7365 1 6
7661 1 6
7891 1 6
7945 1 6
7971 1 6
8451 1 6
8645 1 6
8803 1 6
8839 1 6
9549 1 6
10865 1 6
11037 1 6
35 1 7
101 1 7
163 1 7
333 1 7
523 1 7
565 1 7
721 1 7
821 1 7
909 1 7
971 1 7
1043 1 7
1179 1 7
1183 1 7
1241 1 7
1259 1 7
1261 1 7
1381 1 7
1581 1 7
1609 1 7
1709 1 7
1765 1 7
1813 1 7
1817 1 7
1823 1 7
1871 1 7
1925 1 7
2003 1 7
2555 1 7
2739 1 7
2839 1 7
3061 1 7
3163 1 7
3281 1 7
3731 1 7
3849 1 7
3945 1 7
4105 1 7
4129 1 7
4303 1 7
4413 1 7
4707 1 7
4749 1 7
5115 1 7
5731 1 7
6047 1 7
6049 1 7
6133 1 7
6147 1 7
6383 1 7
6437 1 7
6793 1 7
6811 1 7
6819 1 7
6849 1 7
6915 1 7
7239 1 7
7319 1 7
8051 1 7
8171 1 7
8725 1 7
8787 1 7
9089 1 7
9111 1 7
9117 1 7
9145 1 7
9389 1 7
9715 1 7
9765 1 7
9903 1 7
9919 1 7
10101 1 7
10127 1 7
10213 1 7
10817 1 7
233 1 8
383 1 8
627 1 8
829 1 8
1423 1 8
1443 1 8
1615 1 8
2335 1 8
2705 1 8
2889 1 8
3757 1 8
3805 1 8
4443 1 8
4945 1 8
5785 1 8
5943 1 8
6011 1 8
6633 1 8
6865 1 8
6877 1 8
7541 1 8
8311 1 8
8357 1 8
9869 1 8
9941 1 8
11001 1 8
145 1 9
857 1 9
1155 1 9
1293 1 9
1633 1 9
1635 1 9
1665 1 9
2115 1 9
2163 1 9
2515 1 9
2717 1 9
2779 1 9
2855 1 9
3337 1 9
3449 1 9
3721 1 9
3925 1 9
4197 1 9
4317 1 9
4905 1 9
5597 1 9
5727 1 9
5741 1 9
5925 1 9
6741 1 9
7181 1 9
7321 1 9
8197 1 9
8319 1 9
8349 1 9
8455 1 9
8459 1 9
8751 1 9
9835 1 9
9909 1 9
9987 1 9
10175 1 9
10197 1 9
10285 1 9
10533 1 9
10687 1 9
83 2 10 11
263 2 10 11
479 2 10 11
669 2 10 11
1429 2 10 11
2171 2 10 11
2219 2 10 11
2459 2 10 11
2593 2 10 11
2635 2 10 11
2727 2 10 11
3041 2 10 11
3087 2 10 11
3453 2 10 11
4223 2 10 11
4525 2 10 11
4931 2 10 11
5141 2 10 11
5301 2 10 11
5483 2 10 11
5753 2 10 11
5951 2 10 11
5957 2 10 11
6001 2 10 11
6355 2 10 11
6899 2 10 11
6923 2 10 11
7551 2 10 11
7683 2 10 11
7689 2 10 11
7983 2 10 11
8529 2 10 11
8599 2 10 11
8629 2 10 11
8777 2 10 11
8817 2 10 11
9163 2 10 11
9399 2 10 11
9521 2 10 11
10193 2 10 11
10345 2 10 11
10505 2 10 11
10641 2 10 11
10681 2 10 11
10845 2 10 11
10861 2 10 11
49 1 11
217 1 11
255 1 11
407 1 11
605 1 11
1373 1 11
1477 1 11
1715 1 11
1835 1 11
1859 1 11
4255 1 11
4347 1 11
4459 1 11
4557 1 11
5125 1 11
5531 1 11
6305 1 11
6379 1 11
6467 1 11
6571 1 11
6709 1 11
6941 1 11
7089 1 11
7293 1 11
7759 1 11
7923 1 11
8287 1 11
8335 1 11
8377 1 11
8723 1 11
9433 1 11
9845 1 11
10161 1 11
10349 1 11
10515 1 11
10801 1 11
135 6 12 13 14 15 16 17
137 6 12 13 14 15 16 17
285 6 12 13 14 15 16 17
809 6 12 13 14 15 16 17
975 6 12 13 14 15 16 17
1251 6 12 13 14 15 16 17
1305 6 12 13 14 15 16 17
1597 6 12 13 14 15 16 17
1601 6 12 13 14 15 16 17
1673 6 12 13 14 15 16 17
1793 6 12 13 14 15 16 17
2063 6 12 13 14 15 16 17
2485 6 12 13 14 15 16 17
2979 6 12 13 14 15 16 17
3065 6 12 13 14 15 16 17
3995 6 12 13 14 15 16 17
4141 6 12 13 14 15 16 17
4165 6 12 13 14 15 16 17
4231 6 12 13 14 15 16 17
4597 6 12 13 14 15 16 17
4687 6 12 13 14 15 16 17
4891 6 12 13 14 15 16 17
4961 6 12 13 14 15 16 17
5415 6 12 13 14 15 16 17
5463 6 12 13 14 15 16 17
5769 6 12 13 14 15 16 17
5969 6 12 13 14 15 16 17
6111 6 12 13 14 15 16 17
6397 6 12 13 14 15 16 17
6451 6 12 13 14 15 16 17
6875 6 12 13 14 15 16 17
7133 6 12 13 14 15 16 17
7395 6 12 13 14 15 16 17
7575 6 12 13 14 15 16 17
7625 6 12 13 14 15 16 17
8249 6 12 13 14 15 16 17
8991 6 12 13 14 15 16 17
9161 6 12 13 14 15 16 17
9411 6 12 13 14 15 16 17
9415 6 12 13 14 15 16 17
9527 6 12 13 14 15 16 17
9839 6 12 13 14 15 16 17
9867 6 12 13 14 15 16 17
10317 6 12 13 14 15 16 17
10361 6 12 13 14 15 16 17
10429 6 12 13 14 15 16 17
10573 6 12 13 14 15 16 17
10655 6 12 13 14 15 16 17
10683 6 12 13 14 15 16 17
10711 6 12 13 14 15 16 17
127 1 13
203 1 13
391 1 13
555 1 13
619 1 13
641 1 13
875 1 13
905 1 13
951 1 13
1107 1 13
1273 1 13
1325 1 13
1357 1 13
1425 1 13
1479 1 13
1639 1 13
1647 1 13
1701 1 13
1833 1 13
1909 1 13
1931 1 13
2015 1 13
2053 1 13
2055 1 13
2199 1 13
2387 1 13
2445 1 13
2513 1 13
2601 1 13
2719 1 13
2783 1 13
2791 1 13
2797 1 13
2853 1 13
2999 1 13
3309 1 13
3325 1 13
3359 1 13
3499 1 13
3667 1 13
3847 1 13
4133 1 13
4163 1 13
4503 1 13
4691 1 13
4695 1 13
4755 1 13
5139 1 13
5299 1 13
5373 1 13
5595 1 13
5909 1 13
5911 1 13
5981 1 13
6125 1 13
6223 1 13
6267 1 13
6327 1 13
6457 1 13
6535 1 13
6555 1 13
6585 1 13
6593 1 13
6625 1 13
6687 1 13
6847 1 13
6967 1 13
6975 1 13
6979 1 13
7063 1 13
7179 1 13
7221 1 13
7223 1 13
7241 1 13
7369 1 13
7709 1 13
7881 1 13
8061 1 13
8099 1 13
8107 1 13
8137 1 13
8285 1 13
8333 1 13
8431 1 13
8519 1 13
8543 1 13
8561 1 13
8565 1 13
8597 1 13
8653 1 13
8687 1 13
8767 1 13
8819 1 13
8907 1 13
8943 1 13
8947 1 13
9199 1 13
9423 1 13
9437 1 13
9479 1 13
10069 1 13
10117 1 13
10131 1 13
10233 1 13
10243 1 13
10251 1 13
10311 1 13
10321 1 13
10487 1 13
10493 1 13
10495 1 13
10541 1 13
10591 1 13
10647 1 13
10701 1 13
10813 1 13
10971 1 13
67 4 14 15 16 17
405 4 14 15 16 17
447 4 14 15 16 17
633 4 14 15 16 17
661 4 14 15 16 17
991 4 14 15 16 17
1003 4 14 15 16 17
1211 4 14 15 16 17
1853 4 14 15 16 17
1895 4 14 15 16 17
2039 4 14 15 16 17
2169 4 14 15 16 17
2309 4 14 15 16 17
2405 4 14 15 16 17
2723 4 14 15 16 17
2887 4 14 15 16 17
3283 4 14 15 16 17
3355 4 14 15 16 17
3871 4 14 15 16 17
4033 4 14 15 16 17
4093 4 14 15 16 17
4149 4 14 15 16 17
4249 4 14 15 16 17
4637 4 14 15 16 17
4705 4 14 15 16 17
5289 4 14 15 16 17
5433 4 14 15 16 17
5537 4 14 15 16 17
5897 4 14 15 16 17
5999 4 14 15 16 17
6367 4 14 15 16 17
6903 4 14 15 16 17
6961 4 14 15 16 17
7035 4 14 15 16 17
7291 4 14 15 16 17
7425 4 14 15 16 17
7875 4 14 15 16 17
8013 4 14 15 16 17
8133 4 14 15 16 17
8401 4 14 15 16 17
8651 4 14 15 16 17
8967 4 14 15 16 17
9031 4 14 15 16 17
9095 4 14 15 16 17
9213 4 14 15 16 17
9991 4 14 15 16 17
10179 4 14 15 16 17
10191 4 14 15 16 17
10369 4 14 15 16 17
10387 4 14 15 16 17
10859 4 14 15 16 17
431 2 15 16
515 2 15 16
639 2 15 16
1387 2 15 16
4777 2 15 16
5205 2 15 16
7101 2 15 16
8479 2 15 16
9057 2 15 16
10721 2 15 16
1707 1 16
1881 1 16
4731 1 16
4869 1 16
10091 1 16
485 1 17
519 1 17
703 1 17
961 1 17
1169 1 17
1827 1 17
2399 1 17
2531 1 17
2681 1 17
2703 1 17
2799 1 17
3011 1 17
3051 1 17
3165 1 17
3807 1 17
3959 1 17
4403 1 17
4427 1 17
4843 1 17
5357 1 17
5359 1 17
5457 1 17
6579 1 17
7227 1 17
7233 1 17
7853 1 17
7867 1 17
8265 1 17
8499 1 17
9517 1 17
10691 1 17
10915 1 17
10995 1 17
193 5 18 19 20 21 22
245 5 18 19 20 21 22
415 5 18 19 20 21 22
495 5 18 19 20 21 22
539 5 18 19 20 21 22
543 5 18 19 20 21 22
757 5 18 19 20 21 22
781 5 18 19 20 21 22
851 5 18 19 20 21 22
915 5 18 19 20 21 22
939 5 18 19 20 21 22
993 5 18 19 20 21 22
1133 5 18 19 20 21 22
1135 5 18 19 20 21 22
1167 5 18 19 20 21 22
1353 5 18 19 20 21 22
1359 5 18 19 20 21 22
1417 5 18 19 20 21 22
1567 5 18 19 20 21 22
1605 5 18 19 20 21 22
2047 5 18 19 20 21 22
2409 5 18 19 20 21 22
2469 5 18 19 20 21 22
2547 5 18 19 20 21 22
2563 5 18 19 20 21 22
2567 5 18 19 20 21 22
2577 5 18 19 20 21 22
2881 5 18 19 20 21 22
2907 5 18 19 20 21 22
2909 5 18 19 20 21 22
3015 5 18 19 20 21 22
3167 5 18 19 20 21 22
3319 5 18 19 20 21 22
3467 5 18 19 20 21 22
3491 5 18 19 20 21 22
3725 5 18 19 20 21 22
3765 5 18 19 20 21 22
4161 5 18 19 20 21 22
4221 5 18 19 20 21 22
4401 5 18 19 20 21 22
4433 5 18 19 20 21 22
4519 5 18 19 20 21 22
4577 5 18 19 20 21 22
4595 5 18 19 20 21 22
4785 5 18 19 20 21 22
4827 5 18 19 20 21 22
4829 5 18 19 20 21 22
4951 5 18 19 20 21 22
5063 5 18 19 20 21 22
5093 5 18 19 20 21 22
5133 5 18 19 20 21 22
5225 5 18 19 20 21 22
5467 5 18 19 20 21 22
5719 5 18 19 20 21 22
5751 5 18 19 20 21 22
5755 5 18 19 20 21 22
5885 5 18 19 20 21 22
5963 5 18 19 20 21 22
5983 5 18 19 20 21 22
6255 5 18 19 20 21 22
6389 5 18 19 20 21 22
6435 5 18 19 20 21 22
6563 5 18 19 20 21 22
6707 5 18 19 20 21 22
6767 5 18 19 20 21 22
6785 5 18 19 20 21 22
6809 5 18 19 20 21 22
6977 5 18 19 20 21 22
7041 5 18 19 20 21 22
7071 5 18 19 20 21 22
7265 5 18 19 20 21 22
7289 5 18 19 20 21 22
7379 5 18 19 20 21 22
7443 5 18 19 20 21 22
7573 5 18 19 20 21 22
7611 5 18 19 20 21 22
7665 5 18 19 20 21 22
7725 5 18 19 20 21 22
7735 5 18 19 20 21 22
7743 5 18 19 20 21 22
8029 5 18 19 20 21 22
8037 5 18 19 20 21 22
8093 5 18 19 20 21 22
8113 5 18 19 20 21 22
8173 5 18 19 20 21 22
8253 5 18 19 20 21 22
8267 5 18 19 20 21 22
8437 5 18 19 20 21 22
8447 5 18 19 20 21 22
8775 5 18 19 20 21 22
8915 5 18 19 20 21 22
9101 5 18 19 20 21 22
9123 5 18 19 20 21 22
9365 5 18 19 20 21 22
9871 5 18 19 20 21 22
9959 5 18 19 20 21 22
10137 5 18 19 20 21 22
10405 5 18 19 20 21 22
10471 5 18 19 20 21 22
10477 5 18 19 20 21 22
10525 5 18 19 20 21 22
10665 5 18 19 20 21 22
10685 5 18 19 20 21 22
10697 5 18 19 20 21 22
10779 5 18 19 20 21 22
10973 5 18 19 20 21 22
281 1 19
3839 1 19
3941 1 19
4027 1 19
4125 1 19
4859 1 19
5103 1 19
6287 1 19
6885 1 19
7601 1 19
9217 1 19
10051 1 19
131 3 20 21 22
2525 3 20 21 22
4799 3 20 21 22
6843 3 20 21 22
9355 3 20 21 22
10217 3 20 21 22
2011 1 21
3131 1 21
5611 1 21
5743 1 21
6069 1 21
8905 1 21
10037 1 21
231 1 22
567 1 22
611 1 22
831 1 22
941 1 22
1181 1 22
1641 1 22
1755 1 22
2099 1 22
2197 1 22
2339 1 22
3139 1 22
3185 1 22
3357 1 22
3527 1 22
3541 1 22
3837 1 22
3993 1 22
4153 1 22
4605 1 22
4661 1 22
4919 1 22
5213 1 22
5711 1 22
5971 1 22
6059 1 22
6137 1 22
6239 1 22
6325 1 22
6589 1 22
6607 1 22
7065 1 22
7185 1 22
7209 1 22
7229 1 22
7267 1 22
7299 1 22
7579 1 22
7637 1 22
7721 1 22
7955 1 22
8151 1 22
8789 1 22
9063 1 22
9429 1 22
9611 1 22
9743 1 22
10309 1 22
10575 1 22
10771 1 22
10933 1 22
185 11 23 24 25 26 27 28 29 30 31 32 33
819 11 23 24 25 26 27 28 29 30 31 32 33
1271 11 23 24 25 26 27 28 29 30 31 32 33
1747 11 23 24 25 26 27 28 29 30 31 32 33
1963 11 23 24 25 26 27 28 29 30 31 32 33
2337 11 23 24 25 26 27 28 29 30 31 32 33
2345 11 23 24 25 26 27 28 29 30 31 32 33
2415 11 23 24 25 26 27 28 29 30 31 32 33
3295 11 23 24 25 26 27 28 29 30 31 32 33
3637 11 23 24 25 26 27 28 29 30 31 32 33
3761 11 23 24 25 26 27 28 29 30 31 32 33
5079 11 23 24 25 26 27 28 29 30 31 32 33
5117 11 23 24 25 26 27 28 29 30 31 32 33
5573 11 23 24 25 26 27 28 29 30 31 32 33
5637 11 23 24 25 26 27 28 29 30 31 32 33
5693 11 23 24 25 26 27 28 29 30 31 32 33
5927 11 23 24 25 26 27 28 29 30 31 32 33
6537 11 23 24 25 26 27 28 29 30 31 32 33
6613 11 23 24 25 26 27 28 29 30 31 32 33
6739 11 23 24 25 26 27 28 29 30 31 32 33
7015 11 23 24 25 26 27 28 29 30 31 32 33
7301 11 23 24 25 26 27 28 29 30 31 32 33
7561 11 23 24 25 26 27 28 29 30 31 32 33
8143 11 23 24 25 26 27 28 29 30 31 32 33
8211 11 23 24 25 26 27 28 29 30 31 32 33
8353 11 23 24 25 26 27 28 29 30 31 32 33
8553 11 23 24 25 26 27 28 29 30 31 32 33
8901 11 23 24 25 26 27 28 29 30 31 32 33
9421 11 23 24 25 26 27 28 29 30 31 32 33
9565 11 23 24 25 26 27 28 29 30 31 32 33
9591 11 23 24 25 26 27 28 29 30 31 32 33
9613 11 23 24 25 26 27 28 29 30 31 32 33
9675 11 23 24 25 26 27 28 29 30 31 32 33
9791 11 23 24 25 26 27 28 29 30 31 32 33
10049 11 23 24 25 26 27 28 29 30 31 32 33
10263 11 23 24 25 26 27 28 29 30 31 32 33
10849 11 23 24 25 26 27 28 29 30 31 32 33
10931 11 23 24 25 26 27 28 29 30 31 32 33
10945 11 23 24 25 26 27 28 29 30 31 32 33
315 5 24 25 26 27 28
763 5 24 25 26 27 28
1341 5 24 25 26 27 28
1533 5 24 25 26 27 28
2177 5 24 25 26 27 28
2207 5 24 25 26 27 28
3193 5 24 25 26 27 28
4741 5 24 25 26 27 28
4881 5 24 25 26 27 28
5333 5 24 25 26 27 28
5401 5 24 25 26 27 28
6551 5 24 25 26 27 28
6905 5 24 25 26 27 28
7385 5 24 25 26 27 28
7553 5 24 25 26 27 28
7589 5 24 25 26 27 28
7959 5 24 25 26 27 28
8347 5 24 25 26 27 28
8997 5 24 25 26 27 28
10399 5 24 25 26 27 28
10489 5 24 25 26 27 28
10703 5 24 25 26 27 28
153 1 25
243 1 25
513 1 25
593 1 25
1115 1 25
1411 1 25
1497 1 25
1503 1 25
2317 1 25
2741 1 25
2861 1 25
3363 1 25
3589 1 25
4115 1 25
4643 1 25
5143 1 25
6953 1 25
7099 1 25
7273 1 25
7705 1 25
7777 1 25
8467 1 25
8615 1 25
9087 1 25
10281 1 25
10305 1 25
10517 1 25
107 1 26
151 1 26
327 1 26
483 1 26
765 1 26
783 1 26
937 1 26
1013 1 26
1291 1 26
1519 1 26
2065 1 26
2427 1 26
2551 1 26
2559 1 26
2595 1 26
2603 1 26
2819 1 26
2825 1 26
3055 1 26
3209 1 26
3273 1 26
3277 1 26
3313 1 26
3657 1 26
3799 1 26
3939 1 26
4071 1 26
4085 1 26
4589 1 26
4725 1 26
4735 1 26
4853 1 26
5181 1 26
5497 1 26
5569 1 26
5601 1 26
5997 1 26
6271 1 26
6517 1 26
6813 1 26
7079 1 26
7147 1 26
7657 1 26
7911 1 26
8039 1 26
8105 1 26
8225 1 26
8749 1 26
9055 1 26
9759 1 26
9797 1 26
10187 1 26
10255 1 26
10265 1 26
10433 1 26
10447 1 26
10527 1 26
10543 1 26
10669 1 26
10705 1 26
10733 1 26
10991 1 26
319 2 27 28
465 2 27 28
473 2 27 28
487 2 27 28
899 2 27 28
925 2 27 28
2129 2 27 28
2329 2 27 28
2495 2 27 28
2617 2 27 28
2803 2 27 28
3127 2 27 28
3159 2 27 28
3905 2 27 28
4145 2 27 28
4671 2 27 28
5087 2 27 28
5149 2 27 28
5235 2 27 28
6159 2 27 28
6263 2 27 28
6399 2 27 28
6623 2 27 28
6675 2 27 28
6801 3 27 28 28
7331 2 27 28
8027 2 27 28
8135 2 27 28
8245 2 27 28
8601 2 27 28
8927 2 27 28
9067 2 27 28
9363 2 27 28
9981 2 27 28
9999 2 27 28
10481 2 27 28
10605 2 27 28
10663 2 27 28
207 1 28
329 1 28
823 1 28
983 1 28
1323 1 28
1679 1 28
1777 1 28
2073 1 28
2413 1 28
3071 1 28
3215 1 28
3379 1 28
3533 1 28
3723 1 28
3841 1 28
4135 1 28
4555 1 28
4729 1 28
4789 1 28
5105 1 28
5571 1 28
5723 1 28
6867 1 28
7013 1 28
7473 1 28
7669 1 28
8175 1 28
9497 1 28
10491 1 28
10603 1 28
277 3 29 30 31
1127 3 29 30 31
1151 3 29 30 31
1159 3 29 30 31
2109 3 29 30 31
2307 3 29 30 31
2811 3 29 30 31
2913 3 29 30 31
5179 3 29 30 31
7073 3 29 30 31
7905 3 29 30 31
1193 2 30 31
1487 2 30 31
1629 2 30 31
2349 2 30 31
2597 2 30 31
2745 2 30 31
3385 2 30 31
3719 2 30 31
4269 2 30 31
4839 2 30 31
5605 2 30 31
5839 2 30 31
6301 2 30 31
7197 2 30 31
7275 2 30 31
7317 2 30 31
7577 2 30 31
8931 2 30 31
8965 2 30 31
9193 2 30 31
9829 2 30 31
10129 2 30 31
10509 2 30 31
10579 2 30 31
10787 2 30 31
229 1 31
735 1 31
1595 1 31
1905 1 31
1923 1 31
1991 1 31
2209 1 31
2341 1 31
2423 1 31
2611 1 31
2759 1 31
3095 1 31
3415 1 31
3481 1 31
3555 1 31
3631 1 31
3665 1 31
3823 1 31
3927 1 31
4171 1 31
4291 1 31
4689 1 31
4823 1 31
5089 1 31
5491 1 31
6323 1 31
6403 1 31
6573 1 31
6663 1 31
6733 1 31
6943 1 31
7415 1 31
7599 1 31
8303 1 31
8331 1 31
8453 1 31
8781 1 31
9141 1 31
9143 1 31
9507 1 31
9625 1 31
9895 1 31
10259 1 31
10739 1 31
10793 1 31
10815 1 31
10965 1 31
11009 1 31
17 1 32
89 1 32
123 1 32
309 1 32
557 1 32
589 1 32
693 1 32
933 1 32
1031 1 32
1117 1 32
1175 1 32
1189 1 32
1321 1 32
1761 1 32
1863 1 32
1933 1 32
2035 1 32
2049 1 32
2417 1 32
2431 1 32
2521 1 32
2903 1 32
2905 1 32
3155 1 32
3205 1 32
3315 1 32
3487 1 32
3663 1 32
3913 1 32
3955 1 32
4111 1 32
4169 1 32
4173 1 32
4183 1 32
4283 1 32
4501 1 32
4561 1 32
4747 1 32
4837 1 32
4947 1 32
4957 1 32
5247 1 32
5263 1 32
5313 1 32
5369 1 32
5893 1 32
6009 1 32
6247 1 32
6309 1 32
6319 1 32
6391 1 32
6423 1 32
6879 1 32
6881 1 32
7055 1 32
7137 1 32
7215 1 32
7427 1 32
7515 1 32
7527 1 32
7737 1 32
7877 1 32
7885 1 32
7895 1 32
8045 1 32
8259 1 32
8295 1 32
8359 1 32
8387 1 32
8487 1 32
8531 1 32
8753 1 32
8985 1 32
9119 1 32
9171 1 32
9551 1 32
9553 1 32
9573 1 32
9719 1 32
10171 1 32
10291 1 32
10365 1 32
10457 1 32
10577 1 32
10645 1 32
10863 1 32
10921 1 32
10983 1 32
209 1 33
287 1 33
301 1 33
417 1 33
863 1 33
1255 1 33
1427 1 33
1571 1 33
1685 1 33
2021 1 33
2095 1 33
2411 1 33
2813 1 33
3031 1 33
3237 1 33
3537 1 33
3749 1 33
3775 1 33
4059 1 33
4073 1 33
4615 1 33
4833 1 33
4847 1 33
5565 1 33
5587 1 33
5707 1 33
5747 1 33
6291 1 33
6401 1 33
6745 1 33
7309 1 33
7733 1 33
7789 1 33
7995 1 33
8005 1 33
8591 1 33
9481 1 33
9489 1 33
9563 1 33
9929 1 33
10689 1 33
10961 1 33
155 6 34 35 36 37 38 39
337 6 34 35 36 37 38 39
599 6 34 35 36 37 38 39
643 6 34 35 36 37 38 39
895 6 34 35 36 37 38 39
981 6 34 35 36 37 38 39
1125 6 34 35 36 37 38 39
1163 6 34 35 36 37 38 39
1433 6 34 35 36 37 38 39
1501 6 34 35 36 37 38 39
1513 6 34 35 36 37 38 39
1899 6 34 35 36 37 38 39
1943 6 34 35 36 37 38 39
1951 6 34 35 36 37 38 39
2023 6 34 35 36 37 38 39
2465 6 34 35 36 37 38 39
3545 6 34 35 36 37 38 39
3625 6 34 35 36 37 38 39
3629 6 34 35 36 37 38 39
3681 6 34 35 36 37 38 39
3973 6 34 35 36 37 38 39
3985 6 34 35 36 37 38 39
4203 6 34 35 36 37 38 39
4225 6 34 35 36 37 38 39
4313 6 34 35 36 37 38 39
4361 6 34 35 36 37 38 39
4377 6 34 35 36 37 38 39
4547 6 34 35 36 37 38 39
4667 6 34 35 36 37 38 39
4677 6 34 35 36 37 38 39
5155 6 34 35 36 37 38 39
5169 6 34 35 36 37 38 39
5171 6 34 35 36 37 38 39
5417 6 34 35 36 37 38 39
5445 6 34 35 36 37 38 39
5631 6 34 35 36 37 38 39
5735 6 34 35 36 37 38 39
5815 6 34 35 36 37 38 39
5901 6 34 35 36 37 38 39
6007 6 34 35 36 37 38 39
6105 6 34 35 36 37 38 39
6107 6 34 35 36 37 38 39
6231 6 34 35 36 37 38 39
6369 6 34 35 36 37 38 39
6405 6 34 35 36 37 38 39
6513 6 34 35 36 37 38 39
6893 6 34 35 36 37 38 39
7519 6 34 35 36 37 38 39
7751 6 34 35 36 37 38 39
7787 6 34 35 36 37 38 39
8049 6 34 35 36 37 38 39
8443 6 34 35 36 37 38 39
8507 6 34 35 36 37 38 39
8559 6 34 35 36 37 38 39
8627 6 34 35 36 37 38 39
8935 6 34 35 36 37 38 39
9149 6 34 35 36 37 38 39
9595 6 34 35 36 37 38 39
9601 6 34 35 36 37 38 39
9619 6 34 35 36 37 38 39
10067 6 34 35 36 37 38 39
10211 6 34 35 36 37 38 39
10319 6 34 35 36 37 38 39
10449 6 34 35 36 37 38 39
10617 6 34 35 36 37 38 39
10715 6 34 35 36 37 38 39
10717 6 34 35 36 37 38 39
10767 6 34 35 36 37 38 39
10835 6 34 35 36 37 38 39
10907 6 34 35 36 37 38 39
10951 6 34 35 36 37 38 39
10969 6 34 35 36 37 38 39
885 2 35 36
1123 2 35 36
1557 2 35 36
1997 2 35 36
2589 2 35 36
4143 2 35 36
4339 2 35 36
5557 2 35 36
5561 2 35 36
6629 2 35 36
7031 2 35 36
7231 2 35 36
8139 2 35 36
8633 2 35 36
8831 2 35 36
8921 2 35 36
9103 2 35 36
9771 2 35 36
10411 2 35 36
121 1 36
1243 1 36
1631 1 36
1687 1 36
2183 1 36
2315 1 36
2343 1 36
2591 1 36
2815 1 36
2925 1 36
3845 1 36
3911 1 36
4167 1 36
4187 1 36
4349 1 36
4461 1 36
4901 1 36
5547 1 36
6335 1 36
6835 1 36
7217 1 36
7349 1 36
7993 1 36
8327 1 36
8613 1 36
9107 1 36
9963 1 36
10073 1 36
10635 1 36
10909 1 36
45 3 37 38 39
257 3 37 38 39
571 3 37 38 39
977 3 37 38 39
1343 3 37 38 39
3747 3 37 38 39
4051 3 37 38 39
5603 3 37 38 39
6153 3 37 38 39
6321 3 37 38 39
7591 3 37 38 39
7715 3 37 38 39
8435 3 37 38 39
15 1 38
397 1 38
475 1 38
1049 1 38
3661 1 38
4971 1 38
5581 1 38
6769 1 38
6807 1 38
7567 1 38
7813 1 38
8145 1 38
8951 1 38
9203 1 38
10937 1 38
10963 1 38
37 1 39
1563 1 39
1675 1 39
1939 1 39
2059 1 39
2425 1 39
2645 1 39
3115 1 39
3413 1 39
4693 1 39
5387 1 39
5395 1 39
6167 1 39
7355 1 39
7887 1 39
8493 1 39
8737 1 39
9195 1 39
9597 1 39
10677 1 39
10927 1 39
507 10 40 41 42 43 44 45 46 47 48 49
1391 10 40 41 42 43 44 45 46 47 48 49
1805 10 40 41 42 43 44 45 46 47 48 49
1981 10 40 41 42 43 44 45 46 47 48 49
2025 10 40 41 42 43 44 45 46 47 48 49
2873 10 40 41 42 43 44 45 46 47 48 49
3059 10 40 41 42 43 44 45 46 47 48 49
3653 10 40 41 42 43 44 45 46 47 48 49
5145 10 40 41 42 43 44 45 46 47 48 49
6365 10 40 41 42 43 44 45 46 47 48 49
6861 10 40 41 42 43 44 45 46 47 48 49
7779 10 40 41 42 43 44 45 46 47 48 49
7991 10 40 41 42 43 44 45 46 47 48 49
8981 10 40 41 42 43 44 45 46 47 48 49
9413 10 40 41 42 43 44 45 46 47 48 49
10225 10 40 41 42 43 44 45 46 47 48 49
10301 10 40 41 42 43 44 45 46 47 48 49
10803 10 40 41 42 43 44 45 46 47 48 49
2981 2 41 42
3003 2 41 42
3329 2 41 42
3573 2 41 42
3679 2 41 42
3869 2 41 42
4131 2 41 42
4327 2 41 42
4363 2 41 42
5071 2 41 42
5283 2 41 42
6117 2 41 42
6681 2 41 42
7649 2 41 42
8085 2 41 42
9177 2 41 42
9843 2 41 42
9977 2 41 42
10695 2 41 42
663 1 42
913 1 42
1809 1 42
2501 1 42
2753 1 42
2761 1 42
3021 1 42
3113 1 42
3147 1 42
3417 1 42
3577 1 42
3615 1 42
4355 1 42
4879 1 42
5153 1 42
5297 1 42
6265 1 42
6527 1 42
6603 1 42
6737 1 42
6931 1 42
8361 1 42
8389 1 42
9169 1 42
10463 1 42
10589 1 42
10633 1 42
10887 1 42
167 2 43 44
709 2 43 44
713 2 43 44
923 2 43 44
1215 2 43 44
1347 2 43 44
1645 2 43 44
1787 2 43 44
2071 2 43 44
2139 2 43 44
2497 2 43 44
2499 2 43 44
2669 2 43 44
2773 2 43 44
3291 2 43 44
3619 2 43 44
4107 2 43 44
4513 2 43 44
4537 2 43 44
4609 2 43 44
4703 2 43 44
5453 2 43 44
5487 2 43 44
5627 2 43 44
6207 2 43 44
6441 2 43 44
6689 2 43 44
6779 2 43 44
7303 2 43 44
7441 2 43 44
7857 2 43 44
7999 2 43 44
8003 2 43 44
8321 2 43 44
8485 2 43 44
8541 2 43 44
8583 2 43 44
8731 2 43 44
9005 2 43 44
9183 2 43 44
9441 2 43 44
9717 2 43 44
9993 2 43 44
10075 2 43 44
10239 2 43 44
10273 2 43 44
10475 2 43 44
10555 2 43 44
10741 2 43 44
10825 2 43 44
10827 2 43 44
10953 2 43 44
25 1 44
239 1 44
471 1 44
711 1 44
759 1 44
1033 1 44
1199 1 44
1819 1 44
2001 1 44
2823 1 44
2931 1 44
3109 1 44
3375 1 44
3429 1 44
3651 1 44
4029 1 44
4517 1 44
4659 1 44
5131 1 44
6053 1 44
6081 1 44
6273 1 44
6295 1 44
7143 1 44
7203 1 44
7765 1 44
8793 1 44
9343 1 44
9557 1 44
9645 1 44
9889 1 44
9975 1 44
10103 1 44
10231 1 44
10267 1 44
10949 1 44
31 1 45
1085 1 45
1393 1 45
2069 1 45
2407 1 45
2883 1 45
3511 1 45
4411 1 45
4507 1 45
4545 1 45
5201 1 45
5327 1 45
5367 1 45
5899 1 45
5987 1 45
6393 1 45
7057 1 45
7701 1 45
8149 1 45
8509 1 45
9091 1 45
9831 1 45
10871 1 45
10939 1 45
1481 4 46 47 48 49
2643 4 46 47 48 49
3303 4 46 47 48 49
4633 4 46 47 48 49
6409 4 46 47 48 49
6577 4 46 47 48 49
9025 4 46 47 48 49
579 1 47
1037 1 47
2101 1 47
2801 1 47
3175 1 47
3223 1 47
3451 1 47
4887 1 47
5335 1 47
7817 1 47
8115 1 47
141 2 48 49
807 2 48 49
1611 2 48 49
1999 2 48 49
2517 2 48 49
2685 2 48 49
2849 2 48 49
3471 2 48 49
4353 2 48 49
4439 2 48 49
4447 2 48 49
5941 2 48 49
6091 2 48 49
6227 2 48 49
7565 2 48 49
7757 2 48 49
7933 2 48 49
8161 2 48 49
8773 2 48 49
8911 2 48 49
9973 2 48 49
10905 2 48 49
11005 2 48 49
667 1 49
1421 1 49
3133 1 49
4395 1 49
6841 1 49
7205 1 49
10611 1 49
10919 1 49
1941 5 50 51 52 53 54
2679 5 50 51 52 53 54
2789 5 50 51 52 53 54
3099 5 50 51 52 53 54
3349 5 50 51 52 53 54
4315 5 50 51 52 53 54
4549 5 50 51 52 53 54
5539 5 50 51 52 53 54
5585 5 50 51 52 53 54
6003 5 50 51 52 53 54
7093 5 50 51 52 53 54
7189 5 50 51 52 53 54
7381 5 50 51 52 53 54
7651 5 50 51 52 53 54
7953 5 50 51 52 53 54
8501 5 50 51 52 53 54
9013 5 50 51 52 53 54
9897 5 50 51 52 53 54
10041 5 50 51 52 53 54
10183 5 50 51 52 53 54
10237 5 50 51 52 53 54
10709 5 50 51 52 53 54
811 4 51 52 53 54
1661 4 51 52 53 54
2085 4 51 52 53 54
2677 4 51 52 53 54
2841 4 51 52 53 54
4489 4 51 52 53 54
5129 4 51 52 53 54
5211 4 51 52 53 54
5275 4 51 52 53 54
5431 4 51 52 53 54
5973 4 51 52 53 54
6143 4 51 52 53 54
6937 4 51 52 53 54
7295 4 51 52 53 54
7903 4 51 52 53 54
8463 4 51 52 53 54
8575 4 51 52 53 54
8611 4 51 52 53 54
8939 4 51 52 53 54
9137 4 51 52 53 54
9875 4 51 52 53 54
9925 4 51 52 53 54
10065 4 51 52 53 54
10275 4 51 52 53 54
10829 4 51 52 53 54
10941 4 51 52 53 54
665 2 52 53
979 2 52 53
1017 2 52 53
1783 2 52 53
2477 2 52 53
3353 2 52 53
5123 2 52 53
6933 2 52 53
7755 2 52 53
7941 2 52 53
8339 2 52 53
10807 2 52 53
199 1 53
237 1 53
335 1 53
435 1 53
517 1 53
617 1 53
1319 1 53
2625 1 53
2649 1 53
2837 1 53
2937 1 53
3093 1 53
3119 1 53
3597 1 53
3801 1 53
4647 1 53
4845 1 53
4963 1 53
5101 1 53
5307 1 53
5407 1 53
5989 1 53
6313 1 53
6781 1 53
7029 1 53
7047 1 53
7783 1 53
7785 1 53
8017 1 53
8019 1 53
8033 1 53
8057 1 53
8155 1 53
8189 1 53
8433 1 53
9579 1 53
9891 1 53
10279 1 53
10719 1 53
10799 1 53
93 1 54
201 1 54
691 1 54
695 1 54
957 1 54
1027 1 54
1205 1 54
1297 1 54
1413 1 54
1731 1 54
1825 1 54
2211 1 54
2683 1 54
2689 1 54
3539 1 54
3965 1 54
4239 1 54
4251 1 54
4337 1 54
4429 1 54
4523 1 54
4529 1 54
4769 1 54
5613 1 54
6123 1 54
6595 1 54
6777 1 54
7169 1 54
7583 1 54
7643 1 54
7741 1 54
8043 1 54
8131 1 54
8235 1 54
8263 1 54
8315 1 54
8345 1 54
8373 1 54
8495 1 54
9073 1 54
9617 1 54
9623 1 54
9931 1 54
10247 1 54
10439 1 54
10549 1 54
10593 1 54
10967 1 54
799 1 55
969 1 55
2041 1 55
3605 1 55
3935 1 55
4117 1 55
4147 1 55
4623 1 55
4759 1 55
4967 1 55
5245 1 55
5285 1 55
5465 1 55
5639 1 55
6229 1 55
6575 1 55
7021 1 55
7191 1 55
7799 1 55
8341 1 55
8841 1 55
9015 1 55
9225 1 55
9525 1 55
9633 1 55
9785 1 55
9787 1 55
9913 1 55
10185 1 55
10725 1 55
71 10 56 57 58 59 60 61 62 63 64 65
191 10 56 57 58 59 60 61 62 63 64 65
401 10 56 57 58 59 60 61 62 63 64 65
881 10 56 57 58 59 60 61 62 63 64 65
917 10 56 57 58 59 60 61 62 63 64 65
6051 10 56 57 58 59 60 61 62 63 64 65
7585 10 56 57 58 59 60 61 62 63 64 65
7957 10 56 57 58 59 60 61 62 63 64 65
29 3 57 58 59
87 3 57 58 59
647 3 57 58 59
739 3 57 58 59
743 3 57 58 59
761 3 57 58 59
1099 3 57 58 59
1129 3 57 58 59
1269 3 57 58 59
1507 3 57 58 59
1523 3 57 58 59
1599 3 57 58 59
1741 3 57 58 59
2151 3 57 58 59
2179 3 57 58 59
2493 3 57 58 59
3033 3 57 58 59
3365 3 57 58 59
3675 3 57 58 59
4043 3 57 58 59
4389 3 57 58 59
4407 3 57 58 59
5127 3 57 58 59
5455 3 57 58 59
5715 3 57 58 59
6061 3 57 58 59
6221 3 57 58 59
6283 3 57 58 59
7067 3 57 58 59
7479 3 57 58 59
7893 3 57 58 59
8247 3 57 58 59
9453 3 57 58 59
10235 3 57 58 59
10581 3 57 58 59
10585 3 57 58 59
10649 3 57 58 59
283 1 58
613 1 58
637 1 58
2149 1 58
2203 1 58
2537 1 58
3617 1 58
4045 1 58
4807 1 58
5953 1 58
6067 1 58
7613 1 58
8473 1 58
8913 1 58
9185 1 58
10077 1 58
389 1 59
421 1 59
443 1 59
685 1 59
1361 1 59
1491 1 59
2079 1 59
2777 1 59
3519 1 59
3559 1 59
3779 1 59
4299 1 59
4359 1 59
4415 1 59
4431 1 59
6235 1 59
6345 1 59
6519 1 59
7037 1 59
8301 1 59
8511 1 59
8663 1 59
9727 1 59
10271 1 59
10455 1 59
10535 1 59
10881 1 59
175 3 60 61 62
1455 3 60 61 62
1993 3 60 61 62
2159 3 60 61 62
2173 3 60 61 62
2569 3 60 61 62
3289 3 60 61 62
3855 3 60 61 62
7085 3 60 61 62
7535 3 60 61 62
8239 3 60 61 62
8649 3 60 61 62
9749 4 60 61 62 62
10079 3 60 61 62
10587 3 60 61 62
10735 3 60 61 62
59 1 61
963 1 61
1277 1 61
1375 1 61
2117 1 61
2327 1 61
2443 1 61
2623 1 61
2821 1 61
3001 1 61
3231 1 61
3235 1 61
3613 1 61
3979 1 61
4019 1 61
4113 1 61
4751 1 61
5277 1 61
5383 1 61
5575 1 61
6755 1 61
6969 1 61
7271 1 61
7529 1 61
8097 1 61
8657 1 61
8909 1 61
9679 1 61
9753 1 61
10123 1 61
10639 1 61
10821 1 61
227 1 62
241 1 62
307 1 62
325 1 62
393 1 62
459 1 62
725 1 62
891 1 62
1007 1 62
1267 1 62
1403 1 62
1419 1 62
1603 1 62
1727 1 62
2141 1 62
2221 1 62
2583 1 62
3063 1 62
3081 1 62
3261 1 62
3425 1 62
3473 1 62
3599 1 62
3821 1 62
3971 1 62
4003 1 62
4127 1 62
4293 1 62
4399 1 62
4631 1 62
4641 1 62
4969 1 62
5363 1 62
5397 1 62
5427 1 62
5579 1 62
5645 1 62
5737 1 62
6043 1 62
6557 1 62
6567 1 62
6729 1 62
7151 1 62
7171 1 62
7211 1 62
7247 1 62
7315 1 62
7359 1 62
7373 1 62
7419 1 62
7629 1 62
7879 1 62
8081 1 62
8163 1 62
8181 1 62
8363 1 62
8391 1 62
8573 1 62
8635 1 62
8807 1 62
9047 1 62
9439 1 62
9637 1 62
9885 1 62
10047 1 62
10147 1 62
10473 1 62
10795 1 62
33 1 63
73 1 63
79 1 63
375 1 63
413 1 63
607 1 63
623 1 63
741 1 63
803 1 63
833 1 63
845 1 63
903 1 63
1227 1 63
1539 1 63
1587 1 63
1771 1 63
1889 1 63
1913 1 63
1995 1 63
2029 1 63
2121 1 63
2325 1 63
2393 1 63
2663 1 63
2693 1 63
2807 1 63
2911 1 63
2977 1 63
3053 1 63
3439 1 63
3567 1 63
3575 1 63
3733 1 63
3737 1 63
3783 1 63
3943 1 63
3957 1 63
4217 1 63
4371 1 63
4421 1 63
4445 1 63
4451 1 63
4491 1 63
4567 1 63
4601 1 63
4635 1 63
4683 1 63
4763 1 63
4865 1 63
5189 1 63
5197 1 63
5227 1 63
5349 1 63
5381 1 63
5961 1 63
6261 1 63
6371 1 63
6515 1 63
6693 1 63
6749 1 63
6909 1 63
7149 1 63
7193 1 63
7199 1 63
7307 1 63
7339 1 63
7345 1 63
7859 1 63
8023 1 63
8035 1 63
8223 1 63
8255 1 63
8461 1 63
8525 1 63
8757 1 63
8785 1 63
8937 1 63
9023 1 63
9045 1 63
9179 1 63
9353 1 63
9427 1 63
9515 1 63
9615 1 63
9789 1 63
9795 1 63
9827 1 63
9853 1 63
10115 1 63
10485 1 63
10559 1 63
10601 1 63
10729 1 63
10911 1 63
10935 1 63
425 1 64
815 1 64
1529 1 64
3627 1 64
4181 1 64
4201 1 64
4207 1 64
4655 1 64
5409 1 64
5441 1 64
5641 1 64
5929 1 64
6679 1 64
6901 1 64
6917 1 64
7257 1 64
7347 1 64
7681 1 64
7981 1 64
9219 1 64
9779 1 64
9983 1 64
9997 1 64
10205 1 64
10503 1 64
10975 1 64
69 1 65
2893 1 65
3371 1 65
3437 1 65
3773 1 65
595 1 66
1831 1 66
2031 1 66
6071 1 66
8053 1 66
8167 1 66
10169 1 66
10551 1 66
2755 4 67 68 69 70
2843 4 67 68 69 70
3101 4 67 68 69 70
5563 4 67 68 69 70
7051 4 67 68 69 70
9541 4 67 68 69 70
9949 4 67 68 69 70
10375 4 67 68 69 70
267 1 68
727 1 68
865 1 68
1171 1 68
1407 1 68
1655 1 68
2105 1 68
2333 1 68
2775 1 68
2851 1 68
3735 1 68
3743 1 68
3909 1 68
4031 1 68
4275 1 68
4765 1 68
5437 1 68
5559 1 68
5919 1 68
6503 1 68
6529 1 68
6911 1 68
6919 1 68
7337 1 68
8325 1 68
8343 1 68
8439 1 68
8623 1 68
9115 1 68
9577 1 68
10087 1 68
10149 1 68
10327 1 68
919 1 69
1311 1 69
1345 1 69
1693 1 69
1711 1 69
1725 1 69
1969 1 69
1989 1 69
2461 1 69
2527 1 69
2899 1 69
3075 1 69
3641 1 69
3643 1 69
4191 1 69
4435 1 69
4453 1 69
5195 1 69
6145 1 69
7287 1 69
7329 1 69
8471 1 69
8959 1 69
9053 1 69
9071 1 69
9181 1 69
9349 1 69
9677 1 69
9735 1 69
10631 1 69
10661 1 69
10671 1 69
10673 1 69
635 1 70
755 1 70
841 1 70
1577 1 70
1845 1 70
1929 1 70
1955 1 70
2475 1 70
2917 1 70
3219 1 70
3727 1 70
3827 1 70
4041 1 70
4195 1 70
4801 1 70
5567 1 70
6973 1 70
7343 1 70
7407 1 70
8367 1 70
8549 1 70
9157 1 70
9631 1 70
41 1 71
77 1 71
299 1 71
745 1 71
791 1 71
1041 1 71
1315 1 71
1445 1 71
2195 1 71
2351 1 71
2735 1 71
2975 1 71
3421 1 71
3967 1 71
4101 1 71
4155 1 71
4701 1 71
4739 1 71
4857 1 71
5067 1 71
5269 1 71
5939 1 71
6151 1 71
6691 1 71
7069 1 71
7285 1 71
7399 1 71
7509 1 71
7943 1 71
7947 1 71
8243 1 71
10307 1 71
10783 1 71
19 1 72
43 1 72
105 1 72
113 1 72
143 1 72
179 1 72
183 1 72
215 1 72
219 1 72
249 1 72
261 1 72
297 1 72
317 1 72
451 1 72
457 1 72
469 1 72
489 1 72
527 1 72
597 1 72
673 1 72
689 1 72
747 1 72
867 1 72
953 1 72
1005 1 72
1095 1 72
1097 1 72
1145 1 72
1157 1 72
1197 1 72
1203 1 72
1245 1 72
1265 1 72
1295 1 72
1355 1 72
1365 1 72
1399 1 72
1437 1 72
1461 1 72
1485 1 72
1509 1 72
1555 1 72
1559 1 72
1573 1 72
1585 1 72
1621 1 72
1651 1 72
1691 1 72
1695 1 72
1717 1 72
1745 1 72
1775 1 72
1797 1 72
1883 1 72
1901 1 72
1917 1 72
1979 1 72
2043 1 72
2153 1 72
2161 1 72
2191 1 72
2311 1 72
2353 1 72
2357 1 72
2365 1 72
2519 1 72
2553 1 72
2609 1 72
2647 1 72
2691 1 72
2737 1 72
2869 1 72
2885 1 72
3037 1 72
3043 1 72
3141 1 72
3145 1 72
3149 1 72
3153 1 72
3171 1 72
3187 1 72
3189 1 72
3195 1 72
3233 1 72
3267 1 72
3443 1 72
3489 1 72
3569 1 72
3607 1 72
3669 1 72
3745 1 72
3789 1 72
3797 1 72
3803 1 72
3899 1 72
3901 1 72
3921 1 72
3931 1 72
4013 1 72
4025 1 72
4055 1 72
4061 1 72
4081 1 72
4157 1 72
4177 1 72
4199 1 72
4229 1 72
4243 1 72
4247 1 72
4309 1 72
4345 1 72
4409 1 72
4417 1 72
4515 1 72
4629 1 72
4639 1 72
4645 1 72
4673 1 72
4791 1 72
4795 1 72
4831 1 72
4851 1 72
4861 1 72
4877 1 72
4903 1 72
5069 1 72
5073 1 72
5083 1 72
5113 1 72
5161 1 72
5187 1 72
5209 1 72
5223 1 72
5231 1 72
5249 1 72
5267 1 72
5273 1 72
5279 1 72
5309 1 72
5439 1 72
5469 1 72
5471 1 72
5591 1 72
5615 1 72
5749 1 72
5761 1 72
5837 1 72
5915 1 72
5947 1 72
5995 1 72
6087 1 72
6101 1 72
6135 1 72
6149 1 72
6257 1 72
6277 1 72
6281 1 72
6333 1 72
6341 1 72
6343 1 72
6353 1 72
6361 1 72
6375 1 72
6417 1 72
6427 1 72
6541 1 72
6591 1 72
6609 1 72
6611 1 72
6677 1 72
6727 1 72
6757 1 72
6761 1 72
6791 1 72
6795 1 72
6797 1 72
6833 1 72
6853 1 72
6883 1 72
6895 1 72
6981 1 72
6983 1 72
7081 1 72
7157 1 72
7161 1 72
7163 1 72
7187 1 72
7207 1 72
7313 1 72
7351 1 72
7357 1 72
7475 1 72
7517 1 72
7543 1 72
7555 1 72
7557 1 72
7633 1 72
7647 1 72
7687 1 72
7771 1 72
7793 1 72
7803 1 72
7811 1 72
7909 1 72
7913 1 72
7927 1 72
7931 1 72
7935 1 72
8041 1 72
8157 1 72
8203 1 72
8229 1 72
8257 1 72
8261 1 72
8283 1 72
8329 1 72
8445 1 72
8457 1 72
8489 1 72
8491 1 72
8535 1 72
8733 1 72
8745 1 72
8759 1 72
8979 1 72
9069 1 72
9113 1 72
9125 1 72
9129 1 72
9175 1 72
9215 1 72
9417 1 72
9419 1 72
9445 1 72
9447 1 72
9539 1 72
9547 1 72
9585 1 72
9593 1 72
9603 1 72
9609 1 72
9621 1 72
9641 1 72
9739 1 72
9757 1 72
9773 1 72
9783 1 72
9821 1 72
9855 1 72
9893 1 72
9899 1 72
9901 1 72
9905 1 72
9971 1 72
10089 1 72
10107 1 72
10173 1 72
10189 1 72
10201 1 72
10207 1 72
10223 1 72
10253 1 72
10385 1 72
10401 1 72
10413 1 72
10419 1 72
10427 1 72
10437 1 72
10511 1 72
10537 1 72
10607 1 72
10613 1 72
10667 1 72
10699 1 72
10763 1 72
10777 1 72
10781 1 72
10851 1 72
10867 1 72
10947 1 72
10987 1 72
291 1 73
305 1 73
429 1 73
433 1 73
449 1 73
453 1 73
509 1 73
581 1 73
751 1 73
999 1 73
1137 1 73
1153 1 73
1275 1 73
1279 1 73
1283 1 73
1289 1 73
1329 1 73
1339 1 73
1363 1 73
1367 1 73
1369 1 73
1441 1 73
1517 1 73
1669 1 73
1677 1 73
1697 1 73
1699 1 73
1751 1 73
1803 1 73
1891 1 73
1945 1 73
1957 1 73
1959 1 73
2077 1 73
2473 1 73
2503 1 73
2507 1 73
2579 1 73
2615 1 73
2675 1 73
2713 1 73
2805 1 73
2915 1 73
3017 1 73
3091 1 73
3097 1 73
3227 1 73
3229 1 73
3269 1 73
3333 1 73
3457 1 73
3469 1 73
3497 1 73
3505 1 73
3515 1 73
3655 1 73
3751 1 73
3811 1 73
3833 1 73
4005 1 73
4015 1 73
4219 1 73
4245 1 73
4259 1 73
4321 1 73
4365 1 73
4531 1 73
4535 1 73
4587 1 73
4617 1 73
4619 1 73
4653 1 73
4665 1 73
4709 1 73
4781 1 73
4849 1 73
4923 1 73
4925 1 73
5075 1 73
5163 1 73
5293 1 73
5295 1 73
5403 1 73
5533 1 73
5699 1 73
5701 1 73
5725 1 73
5921 1 73
6095 1 73
6303 1 73
6395 1 73
6407 1 73
6453 1 73
6561 1 73
6605 1 73
6627 1 73
6665 1 73
6667 1 73
6743 1 73
6805 1 73
7075 1 73
7139 1 73
7159 1 73
7201 1 73
7235 1 73
7251 1 73
7361 1 73
7507 1 73
7587 1 73
7615 1 73
7693 1 73
7695 1 73
7871 1 73
7901 1 73
7917 1 73
8337 1 73
8895 1 73
8961 1 73
8977 1 73
8989 1 73
9003 1 73
9049 1 73
9081 1 73
9159 1 73
9191 1 73
9443 1 73
9449 1 73
9519 1 73
9581 1 73
9647 1 73
9841 1 73
9873 1 73
9887 1 73
10099 1 73
10109 1 73
10113 1 73
10151 1 73
10269 1 73
10363 1 73
10371 1 73
10397 1 73
10403 1 73
10417 1 73
10467 1 73
10501 1 73
10523 1 73
10531 1 73
10653 1 73
10773 1 73
10857 1 73
10943 1 73
10981 1 73
39 1 74
53 1 74
57 1 74
61 1 74
65 1 74
85 1 74
103 1 74
125 1 74
173 1 74
177 1 74
205 1 74
247 1 74
251 1 74
265 1 74
269 1 74
271 1 74
303 1 74
323 1 74
331 1 74
339 1 74
373 1 74
379 1 74
403 1 74
411 1 74
427 1 74
437 1 74
441 1 74
461 1 74
521 1 74
531 1 74
535 1 74
547 1 74
551 1 74
559 1 74
561 1 74
601 1 74
609 1 74
615 1 74
625 1 74
629 1 74
645 1 74
675 1 74
687 1 74
697 1 74
715 1 74
717 1 74
731 1 74
733 1 74
737 1 74
775 1 74
795 1 74
813 1 74
817 1 74
849 1 74
855 1 74
871 1 74
935 1 74
959 1 74
965 1 74
967 1 74
973 1 74
1001 1 74
1009 1 74
1021 1 74
1101 1 74
1119 1 74
1149 1 74
1177 1 74
1185 1 74
1191 1 74
1229 1 74
1249 1 74
1285 1 74
1303 1 74
1307 1 74
1351 1 74
1371 1 74
1389 1 74
1395 1 74
1405 1 74
1409 1 74
1451 1 74
1459 1 74
1565 1 74
1569 1 74
1591 1 74
1613 1 74
1623 1 74
1649 1 74
1663 1 74
1667 1 74
1671 1 74
1703 1 74
1753 1 74
1759 1 74
1773 1 74
1779 1 74
1829 1 74
1837 1 74
1841 1 74
1887 1 74
1893 1 74
1907 1 74
1921 1 74
1935 1 74
1961 1 74
1973 1 74
1983 1 74
1987 1 74
2027 1 74
2037 1 74
2045 1 74
2061 1 74
2083 1 74
2093 1 74
2097 1 74
2123 1 74
2125 1 74
2187 1 74
2193 1 74
2215 1 74
2217 1 74
2313 1 74
2331 1 74
2355 1 74
2359 1 74
2389 1 74
2401 1 74
2429 1 74
2433 1 74
2435 1 74
2447 1 74
2467 1 74
2479 1 74
2487 1 74
2489 1 74
2511 1 74
2533 1 74
2539 1 74
2545 1 74
2571 1 74
2581 1 74
2607 1 74
2631 1 74
2633 1 74
2639 1 74
2651 1 74
2657 1 74
2673 1 74
2701 1 74
2729 1 74
2751 1 74
2769 1 74
2785 1 74
2793 1 74
2831 1 74
2835 1 74
2847 1 74
2857 1 74
2859 1 74
2871 1 74
2875 1 74
2895 1 74
2921 1 74
2927 1 74
2929 1 74
2935 1 74
3005 1 74
3007 1 74
3019 1 74
3023 1 74
3079 1 74
3129 1 74
3161 1 74
3179 1 74
3181 1 74
3197 1 74
3207 1 74
3211 1 74
3217 1 74
3221 1 74
3225 1 74
3259 1 74
3293 1 74
3299 1 74
3301 1 74
3311 1 74
3317 1 74
3327 1 74
3335 1 74
3339 1 74
3343 1 74
3361 1 74
3367 1 74
3377 1 74
3441 1 74
3455 1 74
3475 1 74
3503 1 74
3525 1 74
3529 1 74
3557 1 74
3561 1 74
3585 1 74
3587 1 74
3601 1 74
3611 1 74
3621 1 74
3639 1 74
3671 1 74
3683 1 74
3781 1 74
3793 1 74
3809 1 74
3813 1 74
3815 1 74
3819 1 74
3857 1 74
3861 1 74
3867 1 74
3949 1 74
3981 1 74
3983 1 74
3987 1 74
3997 1 74
4007 1 74
4009 1 74
4017 1 74
4035 1 74
4077 1 74
4079 1 74
4087 1 74
4089 1 74
4095 1 74
4103 1 74
4121 1 74
4159 1 74
4175 1 74
4227 1 74
4253 1 74
4285 1 74
4307 1 74
4323 1 74
4385 1 74
4423 1 74
4425 1 74
4495 1 74
4497 1 74
4511 1 74
4565 1 74
4571 1 74
4579 1 74
4669 1 74
4699 1 74
4717 1 74
4727 1 74
4743 1 74
4753 1 74
4787 1 74
4793 1 74
4803 1 74
4813 1 74
4819 1 74
4835 1 74
4841 1 74
4863 1 74
4889 1 74
4897 1 74
4899 1 74
4909 1 74
4921 1 74
4927 1 74
4937 1 74
4939 1 74
4965 1 74
5077 1 74
5081 1 74
5091 1 74
5109 1 74
5111 1 74
5121 1 74
5137 1 74
5219 1 74
5259 1 74
5305 1 74
5317 1 74
5337 1 74
5343 1 74
5351 1 74
5385 1 74
5389 1 74
5419 1 74
5423 1 74
5449 1 74
5477 1 74
5481 1 74
5541 1 74
5549 1 74
5551 1 74
5599 1 74
5607 1 74
5621 1 74
5623 1 74
5635 1 74
5655 1 74
5705 1 74
5717 1 74
5733 1 74
5759 1 74
5765 1 74
5767 1 74
5835 1 74
5843 1 74
5881 1 74
5895 1 74
5935 1 74
5967 1 74
6079 1 74
6085 1 74
6089 1 74
6093 1 74
6115 1 74
6121 1 74
6129 1 74
6131 1 74
6139 1 74
6155 1 74
6169 1 74
6199 1 74
6209 1 74
6225 1 74
6249 1 74
6253 1 74
6293 1 74
6315 1 74
6357 1 74
6381 1 74
6385 1 74
6411 1 74
6447 1 74
6459 1 74
6463 1 74
6469 1 74
6511 1 74
6547 1 74
6559 1 74
6565 1 74
6569 1 74
6583 1 74
6615 1 74
6683 1 74
6715 1 74
6723 1 74
6731 1 74
6771 1 74
6831 1 74
6837 1 74
6851 1 74
6921 1 74
6927 1 74
6929 1 74
6935 1 74
6939 1 74
6947 1 74
6963 1 74
6971 1 74
7017 1 74
7019 1 74
7027 1 74
7045 1 74
7095 1 74
7131 1 74
7135 1 74
7141 1 74
7183 1 74
7195 1 74
7311 1 74
7335 1 74
7353 1 74
7367 1 74
7393 1 74
7403 1 74
7405 1 74
7409 1 74
7417 1 74
7421 1 74
7423 1 74
7431 1 74
7445 1 74
7447 1 74
7449 1 74
7477 1 74
7545 1 74
7559 1 74
7569 1 74
7571 1 74
7635 1 74
7639 1 74
7641 1 74
7667 1 74
7673 1 74
7697 1 74
7703 1 74
7711 1 74
7713 1 74
7723 1 74
7747 1 74
7767 1 74
7781 1 74
7809 1 74
7861 1 74
7883 1 74
7921 1 74
7925 1 74
7929 1 74
7965 1 74
7967 1 74
7975 1 74
7979 1 74
7985 1 74
7987 1 74
8009 1 74
8063 1 74
8073 1 74
8091 1 74
8121 1 74
8125 1 74
8159 1 74
8169 1 74
8179 1 74
8193 1 74
8201 1 74
8209 1 74
8215 1 74
8227 1 74
8241 1 74
8251 1 74
8273 1 74
8275 1 74
8281 1 74
8289 1 74
8293 1 74
8323 1 74
8365 1 74
8375 1 74
8381 1 74
8385 1 74
8469 1 74
8481 1 74
8497 1 74
8517 1 74
8527 1 74
8551 1 74
8563 1 74
8571 1 74
8581 1 74
8593 1 74
8595 1 74
8619 1 74
8631 1 74
8639 1 74
8661 1 74
8727 1 74
8729 1 74
8765 1 74
8795 1 74
8805 1 74
8833 1 74
8837 1 74
8919 1 74
8925 1 74
8949 1 74
8969 1 74
8983 1 74
9009 1 74
9037 1 74
9043 1 74
9075 1 74
9079 1 74
9083 1 74
9109 1 74
9131 1 74
9147 1 74
9153 1 74
9197 1 74
9209 1 74
9347 1 74
9359 1 74
9367 1 74
9383 1 74
9387 1 74
9407 1 74
9435 1 74
9455 1 74
9501 1 74
9503 1 74
9505 1 74
9523 1 74
9535 1 74
9543 1 74
9567 1 74
9575 1 74
9587 1 74
9599 1 74
9629 1 74
9639 1 74
9643 1 74
9713 1 74
9737 1 74
9751 1 74
9763 1 74
9767 1 74
9775 1 74
9863 1 74
9865 1 74
9917 1 74
9933 1 74
9935 1 74
9953 1 74
9957 1 74
10061 1 74
10111 1 74
10119 1 74
10143 1 74
10165 1 74
10167 1 74
10195 1 74
10241 1 74
10257 1 74
10293 1 74
10299 1 74
10333 1 74
10337 1 74
10343 1 74
10353 1 74
10355 1 74
10379 1 74
10381 1 74
10389 1 74
10391 1 74
10409 1 74
10423 1 74
10451 1 74
10453 1 74
10507 1 74
10513 1 74
10547 1 74
10597 1 74
10599 1 74
10609 1 74
10627 1 74
10637 1 74
10713 1 74
10785 1 74
10789 1 74
10885 1 74
10899 1 74
10959 1 74
11011 1 74
21 1 75
51 1 75
55 1 75
95 1 75
109 1 75
111 1 75
133 1 75
147 1 75
165 1 75
181 1 75
259 1 75
273 1 75
275 1 75
279 1 75
289 1 75
295 1 75
311 1 75
367 1 75
377 1 75
381 1 75
409 1 75
419 1 75
423 1 75
445 1 75
455 1 75
493 1 75
511 1 75
549 1 75
575 1 75
583 1 75
585 1 75
621 1 75
653 1 75
657 1 75
671 1 75
699 1 75
701 1 75
705 1 75
707 1 75
723 1 75
729 1 75
749 1 75
773 1 75
843 1 75
877 1 75
879 1 75
889 1 75
907 1 75
927 1 75
931 1 75
943 1 75
947 1 75
949 1 75
955 1 75
987 1 75
1023 1 75
1051 1 75
1131 1 75
1139 1 75
1147 1 75
1161 1 75
1187 1 75
1201 1 75
1209 1 75
1225 1 75
1231 1 75
1235 1 75
1331 1 75
1435 1 75
1457 1 75
1465 1 75
1471 1 75
1495 1 75
1511 1 75
1521 1 75
1535 1 75
1561 1 75
1579 1 75
1589 1 75
1607 1 75
1625 1 75
1627 1 75
1643 1 75
1659 1 75
1681 1 75
1683 1 75
1705 1 75
1719 1 75
1721 1 75
1729 1 75
1749 1 75
1769 1 75
1781 1 75
1799 1 75
1801 1 75
1855 1 75
1865 1 75
1869 1 75
1873 1 75
1903 1 75
1911 1 75
1915 1 75
1947 1 75
1953 1 75
1985 1 75
2089 1 75
2437 1 75
2441 1 75
2471 1 75
2557 1 75
2621 1 75
2629 1 75
2655 1 75
2697 1 75
2749 1 75
2787 1 75
2877 1 75
2891 1 75
2919 1 75
3103 1 75
3151 1 75
3191 1 75
3199 1 75
3201 1 75
3239 1 75
3307 1 75
3331 1 75
3431 1 75
3465 1 75
3517 1 75
3583 1 75
3635 1 75
3647 1 75
3763 1 75
3771 1 75
3795 1 75
3977 1 75
4063 1 75
4067 1 75
4139 1 75
4185 1 75
4193 1 75
4205 1 75
4213 1 75
4297 1 75
4325 1 75
4335 1 75
4375 1 75
4521 1 75
4585 1 75
4621 1 75
4681 1 75
4697 1 75
4809 1 75
4893 1 75
4955 1 75
5173 1 75
5233 1 75
5237 1 75
5257 1 75
5291 1 75
5315 1 75
5339 1 75
5429 1 75
5447 1 75
5479 1 75
5489 1 75
5545 1 75
5553 1 75
5577 1 75
5583 1 75
5879 1 75
5903 1 75
5917 1 75
5931 1 75
5993 1 75
6057 1 75
6219 1 75
6285 1 75
6329 1 75
6349 1 75
6471 1 75
6587 1 75
6697 1 75
6713 1 75
6735 1 75
6753 1 75
6825 1 75
6913 1 75
6965 1 75
7033 1 75
7039 1 75
7091 1 75
7165 1 75
7175 1 75
7327 1 75
7377 1 75
7383 1 75
7389 1 75
7511 1 75
7603 1 75
7605 1 75
7691 1 75
7791 1 75
7797 1 75
7889 1 75
7897 1 75
7973 1 75
8069 1 75
8071 1 75
8123 1 75
8195 1 75
8199 1 75
8237 1 75
8371 1 75
8393 1 75
8477 1 75
8503 1 75
8577 1 75
8589 1 75
8609 1 75
8625 1 75
8637 1 75
8735 1 75
8739 1 75
8741 1 75
8941 1 75
8993 1 75
9027 1 75
9051 1 75
9097 1 75
9207 1 75
9351 1 75
9451 1 75
9483 1 75
9495 1 75
9531 1 75
9533 1 75
9837 1 75
9851 1 75
9877 1 75
9915 1 75
9921 1 75
9947 1 75
10059 1 75
10063 1 75
10071 1 75
10135 1 75
10141 1 75
10215 1 75
10227 1 75
10283 1 75
10295 1 75
10313 1 75
10347 1 75
10357 1 75
10425 1 75
10441 1 75
10459 1 75
10479 1 75
10553 1 75
10737 1 75
10743 1 75
10875 1 75
10929 1 75
10955 1 75
11013 1 75
11029 1 75
213 1 76
321 1 76
463 1 76
477 1 76
525 1 76
537 1 76
649 1 76
681 1 76
779 1 76
787 1 76
1113 1 76
1141 1 76
1219 1 76
1377 1 76
1531 1 76
1637 1 76
1757 1 76
1791 1 76
1839 1 76
1949 1 76
1971 1 76
1975 1 76
2009 1 76
2081 1 76
2087 1 76
2319 1 76
2421 1 76
2491 1 76
2529 1 76
2795 1 76
2817 1 76
3135 1 76
3213 1 76
3419 1 76
3495 1 76
3551 1 76
3609 1 76
3741 1 76
3859 1 76
3895 1 76
3937 1 76
4381 1 76
4437 1 76
4575 1 76
4607 1 76
4625 1 76
4745 1 76
4805 1 76
4949 1 76
5061 1 76
5151 1 76
5475 1 76
5593 1 76
5985 1 76
6201 1 76
6421 1 76
6635 1 76
6685 1 76
6827 1 76
6859 1 76
6897 1 76
7153 1 76
7173 1 76
7177 1 76
7283 1 76
7433 1 76
7563 1 76
7655 1 76
7659 1 76
7671 1 76
7753 1 76
8065 1 76
8141 1 76
8205 1 76
8207 1 76
8395 1 76
8441 1 76
8483 1 76
8505 1 76
8659 1 76
8801 1 76
9007 1 76
9021 1 76
9035 1 76
9167 1 76
9201 1 76
9485 1 76
9487 1 76
9671 1 76
9741 1 76
9847 1 76
9881 1 76
9995 1 76
10221 1 76
10395 1 76
10497 1 76
10499 1 76
10521 1 76
10625 1 76
11003 1 76
11015 1 76
97 1 77
117 1 77
563 1 77
677 1 77
767 1 77
769 1 77
847 1 77
1015 1 77
1035 1 77
1851 1 77
1867 1 77
1885 1 77
1967 1 77
1977 1 77
2175 1 77
2395 1 77
2897 1 77
3117 1 77
3485 1 77
3579 1 77
3685 1 77
3769 1 77
3777 1 77
4351 1 77
4391 1 77
4711 1 77
4871 1 77
5159 1 77
5529 1 77
5535 1 77
5633 1 77
5697 1 77
5817 1 77
6311 1 77
6331 1 77
6337 1 77
6413 1 77
6601 1 77
6711 1 77
6759 1 77
6829 1 77
6957 1 77
7325 1 77
8075 1 77
8397 1 77
8399 1 77
8567 1 77
8621 1 77
8823 1 77
8955 1 77
9221 1 77
9627 1 77
9747 1 77
9927 1 77
9951 1 77
10289 1 77
10303 1 77
10483 1 77
10765 1 77
47 1 78
99 1 78
129 1 78
139 1 78
161 1 78
187 1 78
225 1 78
313 1 78
371 1 78
399 1 78
497 1 78
529 1 78
587 1 78
651 1 78
719 1 78
805 1 78
839 1 78
995 1 78
1019 1 78
1087 1 78
1093 1 78
1223 1 78
1237 1 78
1327 1 78
1349 1 78
1401 1 78
1431 1 78
1475 1 78
1527 1 78
1657 1 78
1723 1 78
1735 1 78
1857 1 78
2005 1 78
2013 1 78
2111 1 78
2119 1 78
2201 1 78
2397 1 78
2403 1 78
2481 1 78
2541 1 78
2587 1 78
2661 1 78
2687 1 78
2715 1 78
3009 1 78
3027 1 78
3073 1 78
3077 1 78
3111 1 78
3177 1 78
3183 1 78
3381 1 78
3383 1 78
3427 1 78
3513 1 78
3523 1 78
3645 1 78
3659 1 78
3729 1 78
3825 1 78
3831 1 78
3863 1 78
3917 1 78
4057 1 78
4075 1 78
4099 1 78
4211 1 78
4289 1 78
4331 1 78
4333 1 78
4559 1 78
4583 1 78
4675 1 78
4723 1 78
4783 1 78
4867 1 78
5065 1 78
5095 1 78
5281 1 78
5361 1 78
5443 1 78
5493 1 78
5495 1 78
5713 1 78
5729 1 78
5757 1 78
5763 1 78
6077 1 78
6083 1 78
6097 1 78
6099 1 78
6161 1 78
6203 1 78
6347 1 78
6431 1 78
6465 1 78
6783 1 78
6787 1 78
6789 1 78
6815 1 78
6857 1 78
6873 1 78
7043 1 78
7049 1 78
7245 1 78
7259 1 78
7277 1 78
7523 1 78
7547 1 78
7631 1 78
7707 1 78
7731 1 78
7749 1 78
7939 1 78
7997 1 78
8025 1 78
8213 1 78
8533 1 78
8545 1 78
8617 1 78
8769 1 78
8771 1 78
8829 1 78
9017 1 78
9085 1 78
9205 1 78
9337 1 78
9403 1 78
9589 1 78
9607 1 78
9723 1 78
9955 1 78
9985 1 78
10055 1 78
10125 1 78
10261 1 78
10325 1 78
10341 1 78
10367 1 78
10393 1 78
10415 1 78
10421 1 78
10431 1 78
10873 1 78
10877 1 78
10923 1 78
10977 1 78
10979 1 78
11017 1 78
23 1 79
75 1 79
81 1 79
119 1 79
149 1 79
157 1 79
159 1 79
169 1 79
171 1 79
189 1 79
211 1 79
235 1 79
369 1 79
395 1 79
481 1 79
491 1 79
499 1 79
501 1 79
503 1 79
545 1 79
553 1 79
573 1 79
603 1 79
655 1 79
679 1 79
683 1 79
753 1 79
771 1 79
801 1 79
825 1 79
853 1 79
869 1 79
873 1 79
887 1 79
897 1 79
901 1 79
911 1 79
929 1 79
1011 1 79
1025 1 79
1029 1 79
1047 1 79
1103 1 79
1105 1 79
1109 1 79
1111 1 79
1173 1 79
1221 1 79
1239 1 79
1263 1 79
1287 1 79
1313 1 79
1335 1 79
1337 1 79
1385 1 79
1397 1 79
1415 1 79
1449 1 79
1483 1 79
1499 1 79
1505 1 79
1537 1 79
1617 1 79
1689 1 79
1733 1 79
1763 1 79
1767 1 79
1789 1 79
1795 1 79
1807 1 79
1811 1 79
1821 1 79
1849 1 79
1875 1 79
1927 1 79
2007 1 79
2017 1 79
2051 1 79
2057 1 79
2075 1 79
2103 1 79
2113 1 79
2147 1 79
2157 1 79
2165 1 79
2185 1 79
2363 1 79
2391 1 79
2439 1 79
2451 1 79
2453 1 79
2457 1 79
2483 1 79
2543 1 79
2573 1 79
2575 1 79
2627 1 79
2641 1 79
2667 1 79
2709 1 79
2711 1 79
2721 1 79
2733 1 79
2747 1 79
2765 1 79
2781 1 79
2833 1 79
2845 1 79
2865 1 79
3013 1 79
3029 1 79
3039 1 79
3047 1 79
3069 1 79
3083 1 79
3085 1 79
3089 1 79
3123 1 79
3137 1 79
3143 1 79
3157 1 79
3173 1 79
3275 1 79
3285 1 79
3287 1 79
3351 1 79
3369 1 79
3373 1 79
3411 1 79
3423 1 79
3433 1 79
3459 1 79
3483 1 79
3493 1 79
3507 1 79
3543 1 79
3547 1 79
3553 1 79
3581 1 79
3593 1 79
3595 1 79
3603 1 79
3649 1 79
3677 1 79
3787 1 79
3817 1 79
3829 1 79
3851 1 79
3853 1 79
3903 1 79
3907 1 79
3915 1 79
3919 1 79
3929 1 79
3933 1 79
3953 1 79
3961 1 79
3963 1 79
3969 1 79
4021 1 79
4039 1 79
4047 1 79
4083 1 79
4091 1 79
4109 1 79
4179 1 79
4189 1 79
4209 1 79
4233 1 79
4235 1 79
4237 1 79
4241 1 79
4263 1 79
4267 1 79
4273 1 79
4277 1 79
4281 1 79
4295 1 79
4305 1 79
4311 1 79
4329 1 79
4367 1 79
4369 1 79
4379 1 79
4383 1 79
4419 1 79
4449 1 79
4493 1 79
4509 1 79
4527 1 79
4533 1 79
4553 1 79
4563 1 79
4599 1 79
4603 1 79
4627 1 79
4663 1 79
4715 1 79
4767 1 79
4771 1 79
4773 1 79
4775 1 79
4797 1 79
4815 1 79
4875 1 79
4883 1 79
4885 1 79
4915 1 79
4917 1 79
4929 1 79
4933 1 79
4935 1 79
5059 1 79
5099 1 79
5147 1 79
5165 1 79
5185 1 79
5193 1 79
5199 1 79
5207 1 79
5217 1 79
5241 1 79
5243 1 79
5255 1 79
5303 1 79
5319 1 79
5321 1 79
5323 1 79
5325 1 79
5329 1 79
5377 1 79
5379 1 79
5391 1 79
5405 1 79
5411 1 79
5413 1 79
5425 1 79
5451 1 79
5459 1 79
5473 1 79
5555 1 79
5589 1 79
5619 1 79
5649 1 79
5651 1 79
5653 1 79
5703 1 79
5709 1 79
5721 1 79
5739 1 79
5779 1 79
5781 1 79
5783 1 79
5789 1 79
5841 1 79
5845 1 79
5883 1 79
5889 1 79
5905 1 79
5907 1 79
5945 1 79
5955 1 79
5959 1 79
6005 1 79
6045 1 79
6073 1 79
6075 1 79
6119 1 79
6141 1 79
6163 1 79
6165 1 79
6205 1 79
6211 1 79
6237 1 79
6243 1 79
6259 1 79
6269 1 79
6279 1 79
6289 1 79
6307 1 79
6339 1 79
6359 1 79
6387 1 79
6445 1 79
6509 1 79
6521 1 79
6523 1 79
6545 1 79
6699 1 79
6705 1 79
6717 1 79
6719 1 79
6747 1 79
6799 1 79
6803 1 79
6839 1 79
6845 1 79
6863 1 79
6891 1 79
6945 1 79
6959 1 79
7053 1 79
7059 1 79
7083 1 79
7129 1 79
7145 1 79
7155 1 79
7213 1 79
7219 1 79
7225 1 79
7237 1 79
7263 1 79
7281 1 79
7341 1 79
7363 1 79
7375 1 79
7387 1 79
7391 1 79
7413 1 79
7435 1 79
7437 1 79
7581 1 79
7595 1 79
7607 1 79
7609 1 79
7617 1 79
7653 1 79
7675 1 79
7677 1 79
7679 1 79
7699 1 79
7717 1 79
7719 1 79
7727 1 79
7729 1 79
7745 1 79
7763 1 79
7773 1 79
7775 1 79
7805 1 79
7807 1 79
7865 1 79
7899 1 79
7907 1 79
7915 1 79
7919 1 79
7937 1 79
7949 1 79
7951 1 79
7963 1 79
7969 1 79
7977 1 79
8011 1 79
8031 1 79
8059 1 79
8079 1 79
8083 1 79
8089 1 79
8103 1 79
8109 1 79
8111 1 79
8153 1 79
8165 1 79
8185 1 79
8191 1 79
8217 1 79
8231 1 79
8277 1 79
8299 1 79
8309 1 79
8313 1 79
8351 1 79
8355 1 79
8513 1 79
8539 1 79
8555 1 79
8579 1 79
8603 1 79
8605 1 79
8643 1 79
8655 1 79
8747 1 79
8755 1 79
8761 1 79
8763 1 79
8779 1 79
8791 1 79
8799 1 79
8809 1 79
8821 1 79
8835 1 79
8845 1 79
8917 1 79
8929 1 79
8945 1 79
8953 1 79
8957 1 79
8975 1 79
8999 1 79
9001 1 79
9019 1 79
9029 1 79
9033 1 79
9039 1 79
9041 1 79
9077 1 79
9093 1 79
9121 1 79
9135 1 79
9151 1 79
9187 1 79
9189 1 79
9345 1 79
9361 1 79
9393 1 79
9401 1 79
9491 1 79
9499 1 79
9509 1 79
9511 1 79
9537 1 79
9545 1 79
9569 1 79
9571 1 79
9669 1 79
9673 1 79
9721 1 79
9729 1 79
9745 1 79
9761 1 79
9793 1 79
9857 1 79
9879 1 79
9907 1 79
9939 1 79
9945 1 79
9967 1 79
9989 1 79
10035 1 79
10053 1 79
10081 1 79
10085 1 79
10145 1 79
10159 1 79
10163 1 79
10209 1 79
10229 1 79
10249 1 79
10331 1 79
10335 1 79
10359 1 79
10407 1 79
10435 1 79
10443 1 79
10461 1 79
10557 1 79
10561 1 79
10595 1 79
10651 1 79
10657 1 79
10659 1 79
10693 1 79
10723 1 79
10775 1 79
10797 1 79
10805 1 79
10819 1 79
10831 1 79
10847 1 79
10883 1 79
10891 1 79
10895 1 79
10901 1 79
10903 1 79
10925 1 79
11019 1 79
11021 1 79
11023 1 79
