2953 12 0 1 2 3 4 5 6 7 8 9 10 11
8407 12 0 1 2 3 4 5 6 7 8 9 10 11
8447 12 0 1 2 3 4 5 6 7 8 9 10 11
9713 12 0 1 2 3 4 5 6 7 8 9 10 11
14915 12 0 1 2 3 4 5 6 7 8 9 10 11
17549 12 0 1 2 3 4 5 6 7 8 9 10 11
18481 12 0 1 2 3 4 5 6 7 8 9 10 11
20645 12 0 1 2 3 4 5 6 7 8 9 10 11
541338 12 0 1 2 3 4 5 6 7 8 9 10 11
24315 12 0 1 2 3 4 5 6 7 8 9 10 11
34687 12 0 1 2 3 4 5 6 7 8 9 10 11
541962 12 0 1 2 3 4 5 6 7 8 9 10 11
41739 12 0 1 2 3 4 5 6 7 8 9 10 11
43239 12 0 1 2 3 4 5 6 7 8 9 10 11
44911 12 0 1 2 3 4 5 6 7 8 9 10 11
46023 12 0 1 2 3 4 5 6 7 8 9 10 11
48119 12 0 1 2 3 4 5 6 7 8 9 10 11
542394 12 0 1 2 3 4 5 6 7 8 9 10 11
49541 12 0 1 2 3 4 5 6 7 8 9 10 11
51487 12 0 1 2 3 4 5 6 7 8 9 10 11
53861 12 0 1 2 3 4 5 6 7 8 9 10 11
55137 12 0 1 2 3 4 5 6 7 8 9 10 11
542712 12 0 1 2 3 4 5 6 7 8 9 10 11
60429 12 0 1 2 3 4 5 6 7 8 9 10 11
67927 12 0 1 2 3 4 5 6 7 8 9 10 11
68485 12 0 1 2 3 4 5 6 7 8 9 10 11
68995 12 0 1 2 3 4 5 6 7 8 9 10 11
71085 12 0 1 2 3 4 5 6 7 8 9 10 11
543375 12 0 1 2 3 4 5 6 7 8 9 10 11
73137 12 0 1 2 3 4 5 6 7 8 9 10 11
75599 12 0 1 2 3 4 5 6 7 8 9 10 11
76335 12 0 1 2 3 4 5 6 7 8 9 10 11
76851 12 0 1 2 3 4 5 6 7 8 9 10 11
79757 12 0 1 2 3 4 5 6 7 8 9 10 11
83093 12 0 1 2 3 4 5 6 7 8 9 10 11
84159 12 0 1 2 3 4 5 6 7 8 9 10 11
88829 12 0 1 2 3 4 5 6 7 8 9 10 11
89105 12 0 1 2 3 4 5 6 7 8 9 10 11
90115 12 0 1 2 3 4 5 6 7 8 9 10 11
92907 12 0 1 2 3 4 5 6 7 8 9 10 11
98895 12 0 1 2 3 4 5 6 7 8 9 10 11
100623 12 0 1 2 3 4 5 6 7 8 9 10 11
104219 12 0 1 2 3 4 5 6 7 8 9 10 11
106215 12 0 1 2 3 4 5 6 7 8 9 10 11
109869 12 0 1 2 3 4 5 6 7 8 9 10 11
109871 12 0 1 2 3 4 5 6 7 8 9 10 11
111717 12 0 1 2 3 4 5 6 7 8 9 10 11
116259 12 0 1 2 3 4 5 6 7 8 9 10 11
120455 12 0 1 2 3 4 5 6 7 8 9 10 11
121627 12 0 1 2 3 4 5 6 7 8 9 10 11
122397 12 0 1 2 3 4 5 6 7 8 9 10 11
123411 12 0 1 2 3 4 5 6 7 8 9 10 11
124843 12 0 1 2 3 4 5 6 7 8 9 10 11
125683 12 0 1 2 3 4 5 6 7 8 9 10 11
127449 12 0 1 2 3 4 5 6 7 8 9 10 11
128215 12 0 1 2 3 4 5 6 7 8 9 10 11
130435 12 0 1 2 3 4 5 6 7 8 9 10 11
131305 12 0 1 2 3 4 5 6 7 8 9 10 11
132855 12 0 1 2 3 4 5 6 7 8 9 10 11
133279 12 0 1 2 3 4 5 6 7 8 9 10 11
135771 12 0 1 2 3 4 5 6 7 8 9 10 11
136831 12 0 1 2 3 4 5 6 7 8 9 10 11
136995 12 0 1 2 3 4 5 6 7 8 9 10 11
139377 12 0 1 2 3 4 5 6 7 8 9 10 11
141677 12 0 1 2 3 4 5 6 7 8 9 10 11
546195 12 0 1 2 3 4 5 6 7 8 9 10 11
144431 12 0 1 2 3 4 5 6 7 8 9 10 11
145813 12 0 1 2 3 4 5 6 7 8 9 10 11
148649 12 0 1 2 3 4 5 6 7 8 9 10 11
149821 12 0 1 2 3 4 5 6 7 8 9 10 11
159957 12 0 1 2 3 4 5 6 7 8 9 10 11
159975 12 0 1 2 3 4 5 6 7 8 9 10 11
164465 12 0 1 2 3 4 5 6 7 8 9 10 11
166149 12 0 1 2 3 4 5 6 7 8 9 10 11
166193 12 0 1 2 3 4 5 6 7 8 9 10 11
166861 12 0 1 2 3 4 5 6 7 8 9 10 11
166873 12 0 1 2 3 4 5 6 7 8 9 10 11
168329 12 0 1 2 3 4 5 6 7 8 9 10 11
168679 12 0 1 2 3 4 5 6 7 8 9 10 11
172447 12 0 1 2 3 4 5 6 7 8 9 10 11
172503 12 0 1 2 3 4 5 6 7 8 9 10 11
176119 12 0 1 2 3 4 5 6 7 8 9 10 11
190597 12 0 1 2 3 4 5 6 7 8 9 10 11
191285 12 0 1 2 3 4 5 6 7 8 9 10 11
192099 12 0 1 2 3 4 5 6 7 8 9 10 11
192679 12 0 1 2 3 4 5 6 7 8 9 10 11
192807 12 0 1 2 3 4 5 6 7 8 9 10 11
193937 12 0 1 2 3 4 5 6 7 8 9 10 11
195631 12 0 1 2 3 4 5 6 7 8 9 10 11
196041 12 0 1 2 3 4 5 6 7 8 9 10 11
200573 12 0 1 2 3 4 5 6 7 8 9 10 11
206379 12 0 1 2 3 4 5 6 7 8 9 10 11
210311 12 0 1 2 3 4 5 6 7 8 9 10 11
211739 12 0 1 2 3 4 5 6 7 8 9 10 11
212729 12 0 1 2 3 4 5 6 7 8 9 10 11
213601 12 0 1 2 3 4 5 6 7 8 9 10 11
219457 12 0 1 2 3 4 5 6 7 8 9 10 11
224309 12 0 1 2 3 4 5 6 7 8 9 10 11
224335 12 0 1 2 3 4 5 6 7 8 9 10 11
224459 12 0 1 2 3 4 5 6 7 8 9 10 11
225147 12 0 1 2 3 4 5 6 7 8 9 10 11
226101 12 0 1 2 3 4 5 6 7 8 9 10 11
228093 12 0 1 2 3 4 5 6 7 8 9 10 11
230345 12 0 1 2 3 4 5 6 7 8 9 10 11
232077 12 0 1 2 3 4 5 6 7 8 9 10 11
232231 12 0 1 2 3 4 5 6 7 8 9 10 11
234331 12 0 1 2 3 4 5 6 7 8 9 10 11
235055 12 0 1 2 3 4 5 6 7 8 9 10 11
237297 12 0 1 2 3 4 5 6 7 8 9 10 11
239193 12 0 1 2 3 4 5 6 7 8 9 10 11
244323 12 0 1 2 3 4 5 6 7 8 9 10 11
247255 12 0 1 2 3 4 5 6 7 8 9 10 11
249561 12 0 1 2 3 4 5 6 7 8 9 10 11
251671 12 0 1 2 3 4 5 6 7 8 9 10 11
550740 12 0 1 2 3 4 5 6 7 8 9 10 11
254579 12 0 1 2 3 4 5 6 7 8 9 10 11
254863 12 0 1 2 3 4 5 6 7 8 9 10 11
255463 12 0 1 2 3 4 5 6 7 8 9 10 11
255507 12 0 1 2 3 4 5 6 7 8 9 10 11
265189 12 0 1 2 3 4 5 6 7 8 9 10 11
266213 12 0 1 2 3 4 5 6 7 8 9 10 11
274107 12 0 1 2 3 4 5 6 7 8 9 10 11
275111 12 0 1 2 3 4 5 6 7 8 9 10 11
281973 12 0 1 2 3 4 5 6 7 8 9 10 11
287457 12 0 1 2 3 4 5 6 7 8 9 10 11
290375 12 0 1 2 3 4 5 6 7 8 9 10 11
293283 12 0 1 2 3 4 5 6 7 8 9 10 11
299981 12 0 1 2 3 4 5 6 7 8 9 10 11
300141 12 0 1 2 3 4 5 6 7 8 9 10 11
552702 12 0 1 2 3 4 5 6 7 8 9 10 11
307797 12 0 1 2 3 4 5 6 7 8 9 10 11
307943 12 0 1 2 3 4 5 6 7 8 9 10 11
310545 12 0 1 2 3 4 5 6 7 8 9 10 11
310721 12 0 1 2 3 4 5 6 7 8 9 10 11
311791 12 0 1 2 3 4 5 6 7 8 9 10 11
312485 12 0 1 2 3 4 5 6 7 8 9 10 11
313475 12 0 1 2 3 4 5 6 7 8 9 10 11
315499 12 0 1 2 3 4 5 6 7 8 9 10 11
316069 12 0 1 2 3 4 5 6 7 8 9 10 11
319529 12 0 1 2 3 4 5 6 7 8 9 10 11
320727 12 0 1 2 3 4 5 6 7 8 9 10 11
321847 12 0 1 2 3 4 5 6 7 8 9 10 11
323673 12 0 1 2 3 4 5 6 7 8 9 10 11
324965 12 0 1 2 3 4 5 6 7 8 9 10 11
326371 12 0 1 2 3 4 5 6 7 8 9 10 11
329689 12 0 1 2 3 4 5 6 7 8 9 10 11
337077 12 0 1 2 3 4 5 6 7 8 9 10 11
339679 12 0 1 2 3 4 5 6 7 8 9 10 11
341043 12 0 1 2 3 4 5 6 7 8 9 10 11
346787 12 0 1 2 3 4 5 6 7 8 9 10 11
355795 12 0 1 2 3 4 5 6 7 8 9 10 11
356195 12 0 1 2 3 4 5 6 7 8 9 10 11
356501 12 0 1 2 3 4 5 6 7 8 9 10 11
362571 12 0 1 2 3 4 5 6 7 8 9 10 11
367585 12 0 1 2 3 4 5 6 7 8 9 10 11
372659 12 0 1 2 3 4 5 6 7 8 9 10 11
380795 12 0 1 2 3 4 5 6 7 8 9 10 11
385771 12 0 1 2 3 4 5 6 7 8 9 10 11
392327 12 0 1 2 3 4 5 6 7 8 9 10 11
393573 12 0 1 2 3 4 5 6 7 8 9 10 11
556149 12 0 1 2 3 4 5 6 7 8 9 10 11
397637 12 0 1 2 3 4 5 6 7 8 9 10 11
398149 12 0 1 2 3 4 5 6 7 8 9 10 11
399229 12 0 1 2 3 4 5 6 7 8 9 10 11
399955 12 0 1 2 3 4 5 6 7 8 9 10 11
404855 12 0 1 2 3 4 5 6 7 8 9 10 11
406577 12 0 1 2 3 4 5 6 7 8 9 10 11
406847 12 0 1 2 3 4 5 6 7 8 9 10 11
407575 12 0 1 2 3 4 5 6 7 8 9 10 11
411015 12 0 1 2 3 4 5 6 7 8 9 10 11
416259 12 0 1 2 3 4 5 6 7 8 9 10 11
420339 12 0 1 2 3 4 5 6 7 8 9 10 11
421009 12 0 1 2 3 4 5 6 7 8 9 10 11
423189 12 0 1 2 3 4 5 6 7 8 9 10 11
423669 12 0 1 2 3 4 5 6 7 8 9 10 11
425697 12 0 1 2 3 4 5 6 7 8 9 10 11
426353 12 0 1 2 3 4 5 6 7 8 9 10 11
427171 12 0 1 2 3 4 5 6 7 8 9 10 11
428121 12 0 1 2 3 4 5 6 7 8 9 10 11
429793 12 0 1 2 3 4 5 6 7 8 9 10 11
436957 12 0 1 2 3 4 5 6 7 8 9 10 11
439335 12 0 1 2 3 4 5 6 7 8 9 10 11
444439 12 0 1 2 3 4 5 6 7 8 9 10 11
451263 12 0 1 2 3 4 5 6 7 8 9 10 11
453267 12 0 1 2 3 4 5 6 7 8 9 10 11
454405 12 0 1 2 3 4 5 6 7 8 9 10 11
455421 12 0 1 2 3 4 5 6 7 8 9 10 11
456205 12 0 1 2 3 4 5 6 7 8 9 10 11
459195 12 0 1 2 3 4 5 6 7 8 9 10 11
462881 12 0 1 2 3 4 5 6 7 8 9 10 11
558963 12 0 1 2 3 4 5 6 7 8 9 10 11
465829 12 0 1 2 3 4 5 6 7 8 9 10 11
470361 12 0 1 2 3 4 5 6 7 8 9 10 11
472567 12 0 1 2 3 4 5 6 7 8 9 10 11
474371 12 0 1 2 3 4 5 6 7 8 9 10 11
478705 12 0 1 2 3 4 5 6 7 8 9 10 11
480581 12 0 1 2 3 4 5 6 7 8 9 10 11
481467 12 0 1 2 3 4 5 6 7 8 9 10 11
481563 12 0 1 2 3 4 5 6 7 8 9 10 11
485431 12 0 1 2 3 4 5 6 7 8 9 10 11
486647 12 0 1 2 3 4 5 6 7 8 9 10 11
489061 12 0 1 2 3 4 5 6 7 8 9 10 11
490539 12 0 1 2 3 4 5 6 7 8 9 10 11
491653 12 0 1 2 3 4 5 6 7 8 9 10 11
493675 12 0 1 2 3 4 5 6 7 8 9 10 11
497197 12 0 1 2 3 4 5 6 7 8 9 10 11
498091 12 0 1 2 3 4 5 6 7 8 9 10 11
498609 12 0 1 2 3 4 5 6 7 8 9 10 11
498611 12 0 1 2 3 4 5 6 7 8 9 10 11
498797 12 0 1 2 3 4 5 6 7 8 9 10 11
499059 12 0 1 2 3 4 5 6 7 8 9 10 11
500037 12 0 1 2 3 4 5 6 7 8 9 10 11
500231 12 0 1 2 3 4 5 6 7 8 9 10 11
560493 12 0 1 2 3 4 5 6 7 8 9 10 11
502611 12 0 1 2 3 4 5 6 7 8 9 10 11
504107 12 0 1 2 3 4 5 6 7 8 9 10 11
505073 12 0 1 2 3 4 5 6 7 8 9 10 11
509149 12 0 1 2 3 4 5 6 7 8 9 10 11
512289 12 0 1 2 3 4 5 6 7 8 9 10 11
519143 12 0 1 2 3 4 5 6 7 8 9 10 11
519855 12 0 1 2 3 4 5 6 7 8 9 10 11
523703 12 0 1 2 3 4 5 6 7 8 9 10 11
524045 12 0 1 2 3 4 5 6 7 8 9 10 11
524149 12 0 1 2 3 4 5 6 7 8 9 10 11
561579 12 0 1 2 3 4 5 6 7 8 9 10 11
527667 12 0 1 2 3 4 5 6 7 8 9 10 11
528663 12 0 1 2 3 4 5 6 7 8 9 10 11
533595 12 0 1 2 3 4 5 6 7 8 9 10 11
533627 12 0 1 2 3 4 5 6 7 8 9 10 11
537639 12 0 1 2 3 4 5 6 7 8 9 10 11
538697 12 0 1 2 3 4 5 6 7 8 9 10 11
539091 12 0 1 2 3 4 5 6 7 8 9 10 11
540339 12 0 1 2 3 4 5 6 7 8 9 10 11
15203 8 1 2 3 4 5 6 7 8
35849 8 1 2 3 4 5 6 7 8
49567 8 1 2 3 4 5 6 7 8
51913 8 1 2 3 4 5 6 7 8
86695 8 1 2 3 4 5 6 7 8
92105 8 1 2 3 4 5 6 7 8
188405 8 1 2 3 4 5 6 7 8
222643 8 1 2 3 4 5 6 7 8
226095 8 1 2 3 4 5 6 7 8
560115 8 1 2 3 4 5 6 7 8
495451 8 1 2 3 4 5 6 7 8
519561 8 1 2 3 4 5 6 7 8
524811 8 1 2 3 4 5 6 7 8
535167 8 1 2 3 4 5 6 7 8
539497 8 1 2 3 4 5 6 7 8
7053 2 2 3
23809 2 2 3
35409 2 2 3
36981 2 2 3
39919 2 2 3
59013 2 2 3
64891 2 2 3
106767 2 2 3
124303 2 2 3
127071 2 2 3
153179 2 2 3
170055 2 2 3
216637 2 2 3
237421 2 2 3
251159 2 2 3
253185 2 2 3
553981 2 2 3
357623 2 2 3
371371 2 2 3
396379 2 2 3
411675 2 2 3
448907 2 2 3
452679 2 2 3
463363 2 2 3
511043 2 2 3
516227 2 2 3
528593 2 2 3
542751 1 3
59785 1 3
77845 1 3
88643 1 3
89939 1 3
544674 1 3
121119 1 3
144027 1 3
186407 1 3
199125 1 3
214243 1 3
233313 1 3
244553 1 3
551778 1 3
284493 1 3
285089 1 3
295177 1 3
296661 1 3
302813 1 3
552594 1 3
311039 1 3
326389 1 3
330375 1 3
340919 1 3
343213 1 3
367793 1 3
371551 1 3
397337 1 3
557028 1 3
441397 1 3
460539 1 3
465789 1 3
759 1 4
7109 1 4
21849 1 4
24809 1 4
45077 1 4
56367 1 4
60943 1 4
68321 1 4
69079 1 4
69315 1 4
69567 1 4
84037 1 4
87521 1 4
98479 1 4
104969 1 4
131499 1 4
145357 1 4
155099 1 4
165027 1 4
169723 1 4
192017 1 4
194885 1 4
224995 1 4
230663 1 4
234251 1 4
240279 1 4
242925 1 4
246561 1 4
250711 1 4
251923 1 4
257335 1 4
260083 1 4
261639 1 4
261939 1 4
262149 1 4
274187 1 4
293565 1 4
310799 1 4
321827 1 4
333693 1 4
336207 1 4
338127 1 4
342773 1 4
345511 1 4
357367 1 4
364111 1 4
367205 1 4
368039 1 4
372843 1 4
373367 1 4
380127 1 4
412711 1 4
419319 1 4
435649 1 4
557818 1 4
436335 1 4
437279 1 4
438927 1 4
448813 1 4
453651 1 4
464541 1 4
469029 1 4
476639 1 4
478429 1 4
487169 1 4
491377 1 4
494585 1 4
506129 1 4
508227 1 4
509741 1 4
526619 1 4
529589 1 4
532615 1 4
538865 1 4
1805 4 5 6 7 8
26665 4 5 6 7 8
35723 4 5 6 7 8
36651 4 5 6 7 8
40445 4 5 6 7 8
60601 4 5 6 7 8
70717 4 5 6 7 8
94663 4 5 6 7 8
103171 4 5 6 7 8
104463 4 5 6 7 8
107743 4 5 6 7 8
140095 4 5 6 7 8
156689 4 5 6 7 8
181601 4 5 6 7 8
207153 4 5 6 7 8
210349 4 5 6 7 8
242939 4 5 6 7 8
316899 4 5 6 7 8
316971 4 5 6 7 8
355119 4 5 6 7 8
385051 4 5 6 7 8
399931 4 5 6 7 8
400117 4 5 6 7 8
438623 4 5 6 7 8
558807 4 5 6 7 8
460397 4 5 6 7 8
462973 4 5 6 7 8
475397 4 5 6 7 8
500331 4 5 6 7 8
3647 1 6
11577 1 6
38881 1 6
38997 1 6
49143 1 6
53127 1 6
58537 1 6
58961 1 6
61317 1 6
65109 1 6
84095 1 6
91113 1 6
116415 1 6
120533 1 6
129719 1 6
140801 1 6
151647 1 6
167087 1 6
181023 1 6
183649 1 6
195389 1 6
222611 1 6
244955 1 6
252105 1 6
255837 1 6
273867 1 6
276049 1 6
280863 1 6
284631 1 6
287131 1 6
290143 1 6
320695 1 6
325315 1 6
330403 1 6
354773 1 6
360463 1 6
374191 1 6
386445 1 6
389523 1 6
391033 1 6
419441 1 6
430069 1 6
435829 1 6
438461 1 6
471767 1 6
533997 1 6
540515 1 6
1031 1 7
3263 1 7
5739 1 7
13287 1 7
20985 1 7
23457 1 7
31685 1 7
36407 1 7
41373 1 7
44167 1 7
48315 1 7
54639 1 7
54723 1 7
58293 1 7
59059 1 7
59243 1 7
65073 1 7
76129 1 7
77349 1 7
82755 1 7
85683 1 7
543999 1 7
87637 1 7
88025 1 7
89575 1 7
92329 1 7
97473 1 7
122725 1 7
132039 1 7
137981 1 7
145915 1 7
150971 1 7
155885 1 7
180135 1 7
186955 1 7
190115 1 7
198283 1 7
199475 1 7
208515 1 7
214855 1 7
231975 1 7
234031 1 7
248119 1 7
277939 1 7
289633 1 7
289671 1 7
295507 1 7
296083 1 7
308479 1 7
311543 1 7
331561 1 7
332805 1 7
333705 1 7
334993 1 7
338483 1 7
354691 1 7
358163 1 7
396299 1 7
403807 1 7
431333 1 7
434917 1 7
450589 1 7
451749 1 7
452061 1 7
453843 1 7
462815 1 7
478169 1 7
480323 1 7
560040 1 7
491093 1 7
498927 1 7
500143 1 7
504553 1 7
532205 1 7
8825 1 8
14629 1 8
26593 1 8
36755 1 8
67155 1 8
543165 1 8
77685 1 8
544929 1 8
545760 1 8
140397 1 8
182085 1 8
184213 1 8
216677 1 8
243973 1 8
551697 1 8
284789 1 8
289555 1 8
322983 1 8
336053 1 8
336629 1 8
555078 1 8
412537 1 8
415273 1 8
487899 1 8
491883 1 8
539321 1 8
5275 1 9
38795 1 9
53561 1 9
60389 1 9
78401 1 9
78515 1 9
80543 1 9
103455 1 9
106007 1 9
120831 1 9
131007 1 9
134187 1 9
138985 1 9
159281 1 9
165307 1 9
179971 1 9
189611 1 9
203359 1 9
209105 1 9
242549 1 9
272793 1 9
277779 1 9
278273 1 9
284185 1 9
327687 1 9
352071 1 9
358177 1 9
405549 1 9
412765 1 9
414485 1 9
557188 1 9
420113 1 9
432853 1 9
485525 1 9
490527 1 9
494783 1 9
502453 1 9
503685 1 9
508089 1 9
519641 1 9
526985 1 9
2541 2 10 11
10101 2 10 11
19555 2 10 11
541620 2 10 11
67425 2 10 11
106357 2 10 11
108941 2 10 11
116305 2 10 11
124597 2 10 11
126195 2 10 11
131343 2 10 11
144903 2 10 11
147439 2 10 11
165573 2 10 11
204505 2 10 11
221407 2 10 11
243387 2 10 11
250033 2 10 11
258503 2 10 11
267051 2 10 11
278701 2 10 11
285109 2 10 11
285365 2 10 11
288467 2 10 11
306763 2 10 11
337925 2 10 11
339589 2 10 11
368681 2 10 11
375157 2 10 11
375485 2 10 11
391675 2 10 11
424003 2 10 11
427749 2 10 11
429191 2 10 11
434463 2 10 11
436711 2 10 11
455315 2 10 11
463033 2 10 11
469489 2 10 11
503449 2 10 11
510895 2 10 11
561222 2 10 11
524705 2 10 11
526685 2 10 11
533435 2 10 11
533939 2 10 11
1331 1 11
7739 1 11
9717 1 11
15989 1 11
25527 1 11
64651 1 11
69721 1 11
83125 1 11
88419 1 11
89103 1 11
206221 1 11
210391 1 11
217243 1 11
223643 1 11
248821 1 11
267823 1 11
303339 1 11
308129 1 11
312883 1 11
318827 1 11
325501 1 11
340693 1 11
346375 1 11
357219 1 11
379799 1 11
388301 1 11
410723 1 11
413717 1 11
415777 1 11
431315 1 11
464865 1 11
486383 1 11
501665 1 11
510923 1 11
519097 1 11
531377 1 11
4519 6 12 13 14 15 16 17
4963 6 12 13 14 15 16 17
11393 6 12 13 14 15 16 17
36107 6 12 13 14 15 16 17
44267 6 12 13 14 15 16 17
58853 6 12 13 14 15 16 17
60691 6 12 13 14 15 16 17
76875 6 12 13 14 15 16 17
77063 6 12 13 14 15 16 17
543696 6 12 13 14 15 16 17
86941 6 12 13 14 15 16 17
100539 6 12 13 14 15 16 17
118805 6 12 13 14 15 16 17
142859 6 12 13 14 15 16 17
146141 6 12 13 14 15 16 17
192283 6 12 13 14 15 16 17
199995 6 12 13 14 15 16 17
201049 6 12 13 14 15 16 17
204705 6 12 13 14 15 16 17
224945 6 12 13 14 15 16 17
225381 6 12 13 14 15 16 17
230875 6 12 13 14 15 16 17
241379 6 12 13 14 15 16 17
244605 6 12 13 14 15 16 17
264473 6 12 13 14 15 16 17
266261 6 12 13 14 15 16 17
279999 6 12 13 14 15 16 17
286009 6 12 13 14 15 16 17
293547 6 12 13 14 15 16 17
309561 6 12 13 14 15 16 17
312309 6 12 13 14 15 16 17
336427 6 12 13 14 15 16 17
347667 6 12 13 14 15 16 17
362503 6 12 13 14 15 16 17
370067 6 12 13 14 15 16 17
372885 6 12 13 14 15 16 17
408307 6 12 13 14 15 16 17
444379 6 12 13 14 15 16 17
454937 6 12 13 14 15 16 17
463579 6 12 13 14 15 16 17
463869 6 12 13 14 15 16 17
470325 6 12 13 14 15 16 17
485965 6 12 13 14 15 16 17
487819 6 12 13 14 15 16 17
509743 6 12 13 14 15 16 17
511629 6 12 13 14 15 16 17
514527 6 12 13 14 15 16 17
520843 6 12 13 14 15 16 17
525339 6 12 13 14 15 16 17
526873 6 12 13 14 15 16 17
527827 6 12 13 14 15 16 17
4151 1 13
7299 1 13
15237 1 13
22509 1 13
26181 1 13
27159 1 13
39485 1 13
41097 1 13
43331 1 13
50801 1 13
59553 1 13
61855 1 13
63959 1 13
67207 1 13
69779 1 13
79013 1 13
543642 1 13
82447 1 13
88403 1 13
91493 1 13
92483 1 13
98349 1 13
100167 1 13
100321 1 13
107575 1 13
111913 1 13
115309 1 13
120705 1 13
124941 1 13
131041 1 13
545889 1 13
134939 1 13
135121 1 13
138943 1 13
142967 1 13
157845 1 13
158651 1 13
160767 1 13
168287 1 13
178713 1 13
186585 1 13
199543 1 13
200979 1 13
219697 1 13
230961 1 13
231351 1 13
234177 1 13
250005 1 13
258455 1 13
262027 1 13
268123 1 13
272791 1 13
283477 1 13
283775 1 13
287225 1 13
295077 1 13
298953 1 13
301267 1 13
304751 1 13
312495 1 13
316083 1 13
317015 1 13
319861 1 13
320559 1 13
321973 1 13
324437 1 13
334973 1 13
341613 1 13
342203 1 13
554037 1 13
345543 1 13
352043 1 13
353857 1 13
353863 1 13
354727 1 13
360835 1 13
376761 1 13
386035 1 13
396789 1 13
399155 1 13
399451 1 13
401453 1 13
410329 1 13
413643 1 13
417885 1 13
423249 1 13
424851 1 13
425919 1 13
426321 1 13
427599 1 13
430287 1 13
430937 1 13
433901 1 13
436777 1 13
439467 1 13
441679 1 13
441967 1 13
458397 1 13
461811 1 13
464493 1 13
464969 1 13
466257 1 13
497823 1 13
499763 1 13
500227 1 13
505593 1 13
506069 1 13
506395 1 13
509437 1 13
509861 1 13
517987 1 13
561192 1 13
518331 1 13
519873 1 13
561414 1 13
524937 1 13
527587 1 13
532123 1 13
538185 1 13
1929 4 14 15 16 17
15985 4 14 15 16 17
17841 4 14 15 16 17
26779 4 14 15 16 17
28017 4 14 15 16 17
45403 4 14 15 16 17
46175 4 14 15 16 17
56317 4 14 15 16 17
88909 4 14 15 16 17
91093 4 14 15 16 17
99115 4 14 15 16 17
106263 4 14 15 16 17
109491 4 14 15 16 17
112965 4 14 15 16 17
131245 4 14 15 16 17
140339 4 14 15 16 17
156071 4 14 15 16 17
160283 4 14 15 16 17
188115 4 14 15 16 17
194649 4 14 15 16 17
197661 4 14 15 16 17
200495 4 14 15 16 17
205991 4 14 15 16 17
227421 4 14 15 16 17
231937 4 14 15 16 17
257659 4 14 15 16 17
265107 4 14 15 16 17
268407 4 14 15 16 17
282797 4 14 15 16 17
288377 4 14 15 16 17
307355 4 14 15 16 17
338017 4 14 15 16 17
341261 4 14 15 16 17
343613 4 14 15 16 17
357031 4 14 15 16 17
363417 4 14 15 16 17
385781 4 14 15 16 17
393873 4 14 15 16 17
400221 4 14 15 16 17
557088 4 14 15 16 17
430257 4 14 15 16 17
443175 4 14 15 16 17
446551 4 14 15 16 17
450791 4 14 15 16 17
459269 4 14 15 16 17
495005 4 14 15 16 17
502713 4 14 15 16 17
503311 4 14 15 16 17
512225 4 14 15 16 17
512631 4 14 15 16 17
533873 4 14 15 16 17
17301 2 15 16
20849 2 15 16
27101 2 15 16
65259 2 15 16
549915 2 15 16
253221 2 15 16
346967 2 15 16
421737 2 15 16
448471 2 15 16
528273 2 15 16
82695 1 16
90221 1 16
549834 1 16
240123 1 16
498479 1 16
19687 1 17
20877 1 17
30205 1 17
43589 1 17
54073 1 17
88173 1 17
112753 1 17
121405 1 17
128977 1 17
130387 1 17
135139 1 17
143415 1 17
145611 1 17
151177 1 17
184433 1 17
190903 1 17
214233 1 17
549165 1 17
238471 1 17
261151 1 17
261305 1 17
266173 1 17
319513 1 17
353939 1 17
354173 1 17
384519 1 17
385243 1 17
389159 1 17
409267 1 17
422455 1 17
469353 1 17
527115 1 17
536059 1 17
539009 1 17
7021 5 18 19 20 21 22
9085 5 18 19 20 21 22
16821 5 18 19 20 21 22
19975 5 18 19 20 21 22
21837 5 18 19 20 21 22
22069 5 18 19 20 21 22
33583 5 18 19 20 21 22
34925 5 18 19 20 21 22
38549 5 18 19 20 21 22
41537 5 18 19 20 21 22
43029 5 18 19 20 21 22
45419 5 18 19 20 21 22
542544 5 18 19 20 21 22
52833 5 18 19 20 21 22
52903 5 18 19 20 21 22
53867 5 18 19 20 21 22
63403 5 18 19 20 21 22
64145 5 18 19 20 21 22
66845 5 18 19 20 21 22
75129 5 18 19 20 21 22
77163 5 18 19 20 21 22
93027 5 18 19 20 21 22
100053 5 18 19 20 21 22
112993 5 18 19 20 21 22
116899 5 18 19 20 21 22
121065 5 18 19 20 21 22
122367 5 18 19 20 21 22
123301 5 18 19 20 21 22
123415 5 18 19 20 21 22
545445 5 18 19 20 21 22
140121 5 18 19 20 21 22
141245 5 18 19 20 21 22
141331 5 18 19 20 21 22
143517 5 18 19 20 21 22
151283 5 18 19 20 21 22
158357 5 18 19 20 21 22
166449 5 18 19 20 21 22
167275 5 18 19 20 21 22
547764 5 18 19 20 21 22
182191 5 18 19 20 21 22
200931 5 18 19 20 21 22
204461 5 18 19 20 21 22
213967 5 18 19 20 21 22
215843 5 18 19 20 21 22
220849 5 18 19 20 21 22
224449 5 18 19 20 21 22
225205 5 18 19 20 21 22
235243 5 18 19 20 21 22
237479 5 18 19 20 21 22
237607 5 18 19 20 21 22
244191 5 18 19 20 21 22
245867 5 18 19 20 21 22
246925 5 18 19 20 21 22
249397 5 18 19 20 21 22
254463 5 18 19 20 21 22
266331 5 18 19 20 21 22
277419 5 18 19 20 21 22
278637 5 18 19 20 21 22
278793 5 18 19 20 21 22
281957 5 18 19 20 21 22
285713 5 18 19 20 21 22
287239 5 18 19 20 21 22
300327 5 18 19 20 21 22
308893 5 18 19 20 21 22
311491 5 18 19 20 21 22
318141 5 18 19 20 21 22
325443 5 18 19 20 21 22
329771 5 18 19 20 21 22
331247 5 18 19 20 21 22
332765 5 18 19 20 21 22
342237 5 18 19 20 21 22
343975 5 18 19 20 21 22
345877 5 18 19 20 21 22
355909 5 18 19 20 21 22
554628 5 18 19 20 21 22
361709 5 18 19 20 21 22
364187 5 18 19 20 21 22
555141 5 18 19 20 21 22
372161 5 18 19 20 21 22
374367 5 18 19 20 21 22
377625 5 18 19 20 21 22
378025 5 18 19 20 21 22
378531 5 18 19 20 21 22
394791 5 18 19 20 21 22
395365 5 18 19 20 21 22
398571 5 18 19 20 21 22
399547 5 18 19 20 21 22
562394 5 18 19 20 21 22
408527 5 18 19 20 21 22
409303 5 18 19 20 21 22
418179 5 18 19 20 21 22
419241 5 18 19 20 21 22
434195 5 18 19 20 21 22
439787 5 18 19 20 21 22
450979 5 18 19 20 21 22
452455 5 18 19 20 21 22
462275 5 18 19 20 21 22
487993 5 18 19 20 21 22
492881 5 18 19 20 21 22
500299 5 18 19 20 21 22
513369 5 18 19 20 21 22
516651 5 18 19 20 21 22
517189 5 18 19 20 21 22
519305 5 18 19 20 21 22
525753 5 18 19 20 21 22
526975 5 18 19 20 21 22
527389 5 18 19 20 21 22
529911 5 18 19 20 21 22
538395 5 18 19 20 21 22
540915 1 19
186085 1 19
189955 1 19
194189 1 19
199311 1 19
239363 1 19
247681 1 19
302317 1 19
336919 1 19
371635 1 19
459471 1 19
496551 1 19
4337 3 20 21 22
121251 3 20 21 22
236047 3 20 21 22
334875 3 20 21 22
461417 3 20 21 22
504929 3 20 21 22
98103 1 21
149907 1 21
273633 1 21
278285 1 21
290937 1 21
439377 1 21
495355 1 21
8755 1 22
23461 1 22
25757 1 22
36835 1 22
43067 1 22
54669 1 22
71183 1 22
79029 1 22
84631 1 22
103051 1 22
107487 1 22
110371 1 22
150265 1 22
152391 1 22
160393 1 22
169559 1 22
170193 1 22
186069 1 22
192143 1 22
200607 1 22
225871 1 22
229085 1 22
243139 1 22
253623 1 22
276685 1 22
286721 1 22
290299 1 22
295539 1 22
552393 1 22
304717 1 22
320235 1 22
321167 1 22
345571 1 22
352155 1 22
353005 1 22
353977 1 22
355973 1 22
554646 1 22
370407 1 22
373235 1 22
377447 1 22
389915 1 22
402235 1 22
434999 1 22
448841 1 22
464777 1 22
475663 1 22
479209 1 22
509405 1 22
520849 1 22
529617 1 22
536895 1 22
181546 50 23 24 25 26 27 28 29 30 31 32 33 34 35 36 37 38 39 40 41 42 43 44 45 46 47 48 49 50 51 52 53 54 55 56 57 58 59 60 61 62 63 64 65 66 67 68 69 70 71 72
263576 50 23 24 25 26 27 28 29 30 31 32 33 34 35 36 37 38 39 40 41 42 43 44 45 46 47 48 49 50 51 52 53 54 55 56 57 58 59 60 61 62 63 64 65 66 67 68 69 70 71 72
284834 50 23 24 25 26 27 28 29 30 31 32 33 34 35 36 37 38 39 40 41 42 43 44 45 46 47 48 49 50 51 52 53 54 55 56 57 58 59 60 61 62 63 64 65 66 67 68 69 70 71 72
369004 50 23 24 25 26 27 28 29 30 31 32 33 34 35 36 37 38 39 40 41 42 43 44 45 46 47 48 49 50 51 52 53 54 55 56 57 58 59 60 61 62 63 64 65 66 67 68 69 70 71 72
422760 50 23 24 25 26 27 28 29 30 31 32 33 34 35 36 37 38 39 40 41 42 43 44 45 46 47 48 49 50 51 52 53 54 55 56 57 58 59 60 61 62 63 64 65 66 67 68 69 70 71 72
6675 11 24 25 26 27 28 29 30 31 32 33 34
36329 11 24 25 26 27 28 29 30 31 32 33 34
59519 11 24 25 26 27 28 29 30 31 32 33 34
84265 11 24 25 26 27 28 29 30 31 32 33 34
94655 11 24 25 26 27 28 29 30 31 32 33 34
110167 11 24 25 26 27 28 29 30 31 32 33 34
110819 11 24 25 26 27 28 29 30 31 32 33 34
545058 11 24 25 26 27 28 29 30 31 32 33 34
156619 11 24 25 26 27 28 29 30 31 32 33 34
176227 11 24 25 26 27 28 29 30 31 32 33 34
182115 11 24 25 26 27 28 29 30 31 32 33 34
246401 11 24 25 26 27 28 29 30 31 32 33 34
248133 11 24 25 26 27 28 29 30 31 32 33 34
271363 11 24 25 26 27 28 29 30 31 32 33 34
274723 11 24 25 26 27 28 29 30 31 32 33 34
275861 11 24 25 26 27 28 29 30 31 32 33 34
284309 11 24 25 26 27 28 29 30 31 32 33 34
316131 11 24 25 26 27 28 29 30 31 32 33 34
321451 11 24 25 26 27 28 29 30 31 32 33 34
327503 11 24 25 26 27 28 29 30 31 32 33 34
342905 11 24 25 26 27 28 29 30 31 32 33 34
357509 11 24 25 26 27 28 29 30 31 32 33 34
369327 11 24 25 26 27 28 29 30 31 32 33 34
401673 11 24 25 26 27 28 29 30 31 32 33 34
406105 11 24 25 26 27 28 29 30 31 32 33 34
414791 11 24 25 26 27 28 29 30 31 32 33 34
425495 11 24 25 26 27 28 29 30 31 32 33 34
439241 11 24 25 26 27 28 29 30 31 32 33 34
464323 11 24 25 26 27 28 29 30 31 32 33 34
473017 11 24 25 26 27 28 29 30 31 32 33 34
474721 11 24 25 26 27 28 29 30 31 32 33 34
475695 11 24 25 26 27 28 29 30 31 32 33 34
477567 11 24 25 26 27 28 29 30 31 32 33 34
482175 11 24 25 26 27 28 29 30 31 32 33 34
496299 11 24 25 26 27 28 29 30 31 32 33 34
506825 11 24 25 26 27 28 29 30 31 32 33 34
533507 11 24 25 26 27 28 29 30 31 32 33 34
562029 11 24 25 26 27 28 29 30 31 32 33 34
537191 11 24 25 26 27 28 29 30 31 32 33 34
12549 5 25 26 27 28 29
33715 5 25 26 27 28 29
62975 5 25 26 27 28 29
73629 5 25 26 27 28 29
106705 5 25 26 27 28 29
107773 5 25 26 27 28 29
152569 5 25 26 27 28 29
233511 5 25 26 27 28 29
240895 5 25 26 27 28 29
260155 5 25 26 27 28 29
263649 5 25 26 27 28 29
316935 5 25 26 27 28 29
553890 5 25 26 27 28 29
362263 5 25 26 27 28 29
368747 5 25 26 27 28 29
370793 5 25 26 27 28 29
389987 5 25 26 27 28 29
414395 5 25 26 27 28 29
444449 5 25 26 27 28 29
512959 5 25 26 27 28 29
518073 5 25 26 27 28 29
527591 5 25 26 27 28 29
540726 1 26
9069 1 26
20839 1 26
25009 1 26
51293 1 26
66583 1 26
71597 1 26
71965 1 26
109727 1 26
132149 1 26
546096 1 26
160889 1 26
174271 1 26
198413 1 26
227571 1 26
250237 1 26
340987 1 26
346847 1 26
356225 1 26
376661 1 26
381327 1 26
557205 1 26
428567 1 26
450503 1 26
507855 1 26
509335 1 26
519121 1 26
3383 1 27
5463 1 27
540877 1 27
13225 1 27
19627 1 27
33735 1 27
34969 1 27
42777 1 27
46571 1 27
542862 1 27
72963 1 27
100565 1 27
114331 1 27
122569 1 27
123029 1 27
124667 1 27
124965 1 27
136543 1 27
136661 1 27
145701 1 27
546690 1 27
546783 1 27
155811 1 27
158069 1 27
547665 1 27
183991 1 27
189893 1 27
548439 1 27
196999 1 27
224799 1 27
232567 1 27
233283 1 27
239135 1 27
251767 1 27
267509 1 27
270599 1 27
273249 1 27
287941 1 27
301491 1 27
314323 1 27
332941 1 27
346271 1 27
349439 1 27
374035 1 27
387685 1 27
395487 1 27
399309 1 27
406937 1 27
557649 1 27
448437 1 27
480157 1 27
482593 1 27
502981 1 27
506593 1 27
506927 1 27
514861 1 27
515473 1 27
519553 1 27
519995 1 27
525923 1 27
527623 1 27
528693 1 27
538921 1 27
12807 2 28 29
18455 2 28 29
18943 2 28 29
19745 2 28 29
40907 2 28 29
42153 2 28 29
104251 2 28 29
110047 2 28 29
119581 2 28 29
545496 2 28 29
135177 2 28 29
149849 2 28 29
150891 2 28 29
188601 2 28 29
200205 2 28 29
229569 2 28 29
246587 2 28 29
250457 2 28 29
254677 2 28 29
296947 2 28 29
300603 2 28 29
309847 2 28 29
321967 2 28 29
323903 2 28 29
331835 3 28 29 29
358349 2 28 29
394631 2 28 29
400289 2 28 29
408139 2 28 29
427787 2 28 29
440535 2 28 29
448943 2 28 29
462053 2 28 29
494593 2 28 29
495145 2 28 29
517581 2 28 29
522967 2 28 29
525673 2 28 29
7511 1 29
13267 1 29
36597 1 29
44641 1 29
61799 1 29
81103 1 29
86511 1 29
101029 1 29
113349 1 29
146341 1 29
149327 1 29
153879 1 29
547050 1 29
170045 1 29
179977 1 29
186279 1 29
199747 1 29
223513 1 29
232753 1 29
235313 1 29
247699 1 29
271057 1 29
277457 1 29
336159 1 29
342795 1 29
365939 1 29
374543 1 29
403945 1 29
467579 1 29
518111 1 29
522795 1 29
10877 3 30 31 32
52073 3 30 31 32
53273 3 30 31 32
53659 3 30 31 32
103223 3 30 31 32
109369 3 30 31 32
135837 3 30 31 32
141371 3 30 31 32
251693 3 30 31 32
346067 3 30 31 32
387239 3 30 31 32
9225 2 31 32
55109 2 31 32
70497 2 31 32
78293 2 31 32
110991 2 31 32
124703 2 31 32
132395 2 31 32
162405 2 31 32
547753 2 31 32
206849 2 31 32
238319 2 31 32
273557 2 31 32
281375 2 31 32
303173 2 31 32
352515 2 31 32
356263 2 31 32
358143 2 31 32
370391 2 31 32
441223 2 31 32
558096 2 31 32
457847 2 31 32
485247 2 31 32
500177 2 31 32
518911 2 31 32
521127 2 31 32
530307 2 31 32
8727 1 32
32241 1 32
76857 1 32
91423 1 32
92213 1 32
96329 1 32
107783 1 32
110429 1 32
113967 1 32
125127 1 32
132765 1 32
148243 1 32
162917 1 32
166951 1 32
172127 1 32
175967 1 32
178641 1 32
185313 1 32
189637 1 32
201425 1 32
207679 1 32
230887 1 32
237367 1 32
246787 1 32
267319 1 32
304707 1 32
309957 1 32
318865 1 32
323245 1 32
327021 1 32
340729 1 32
363087 1 32
371579 1 32
411959 1 32
413607 1 32
419543 1 32
434629 1 32
453761 1 32
558552 1 32
468927 1 32
476185 1 32
489597 1 32
506717 1 32
528793 1 32
531053 1 32
532189 1 32
537839 1 32
539507 1 32
385 1 33
2879 1 33
4131 1 33
12305 1 33
23027 1 33
541473 1 33
29497 1 33
42603 1 33
47859 1 33
51361 1 33
54167 1 33
54837 1 33
61571 1 33
85357 1 33
89295 1 33
92855 1 33
99049 1 33
100103 1 33
113535 1 33
114491 1 33
121073 1 33
140857 1 33
141153 1 33
150749 1 33
153395 1 33
546873 1 33
167165 1 33
178067 1 33
189011 1 33
190791 1 33
198363 1 33
201187 1 33
201535 1 33
202097 1 33
207225 1 33
219467 1 33
223943 1 33
233687 1 33
238257 1 33
243991 1 33
244535 1 33
255167 1 33
255887 1 33
258961 1 33
261873 1 33
282501 1 33
289517 1 33
300009 1 33
303511 1 33
304051 1 33
309033 1 33
310795 1 33
336649 1 33
336715 1 33
345187 1 33
347821 1 33
353829 1 33
363545 1 33
366561 1 33
367213 1 33
378047 1 33
385817 1 33
386299 1 33
555831 1 33
395887 1 33
408935 1 33
411663 1 33
415311 1 33
416535 1 33
422085 1 33
424197 1 33
432877 1 33
444099 1 33
452279 1 33
455797 1 33
472233 1 33
472269 1 33
559359 1 33
478211 1 33
502311 1 33
508775 1 33
511729 1 33
515809 1 33
520891 1 33
524895 1 33
561894 1 33
562008 1 33
538671 1 33
540804 1 34
11437 1 34
11767 1 34
16865 1 34
39129 1 34
58963 1 34
67265 1 34
75271 1 34
81831 1 34
98579 1 34
102811 1 34
113181 1 34
135863 1 34
144275 1 34
154673 1 34
170067 1 34
181387 1 34
182705 1 34
195911 1 34
196297 1 34
226109 1 34
237783 1 34
238789 1 34
550720 1 34
269711 1 34
272279 1 34
276603 1 34
278453 1 34
302683 1 34
309873 1 34
314905 1 34
553470 1 34
357803 1 34
555465 1 34
381917 1 34
393203 1 34
393457 1 34
427479 1 34
466309 1 34
466855 1 34
472665 1 34
491451 1 34
527057 1 34
537787 1 34
5531 6 35 36 37 38 39 40
13481 6 35 36 37 38 39 40
25211 6 35 36 37 38 39 40
27289 6 35 36 37 38 39 40
40507 6 35 36 37 38 39 40
44605 6 35 36 37 38 39 40
51971 6 35 36 37 38 39 40
53843 6 35 36 37 38 39 40
543150 6 35 36 37 38 39 40
71855 6 35 36 37 38 39 40
543372 6 35 36 37 38 39 40
91153 6 35 36 37 38 39 40
93079 6 35 36 37 38 39 40
93361 6 35 36 37 38 39 40
98637 6 35 36 37 38 39 40
545172 6 35 36 37 38 39 40
547455 6 35 36 37 38 39 40
175863 6 35 36 37 38 39 40
175911 6 35 36 37 38 39 40
179293 6 35 36 37 38 39 40
191277 6 35 36 37 38 39 40
191843 6 35 36 37 38 39 40
548673 6 35 36 37 38 39 40
204557 6 35 36 37 38 39 40
208823 6 35 36 37 38 39 40
211271 6 35 36 37 38 39 40
211855 6 35 36 37 38 39 40
223057 6 35 36 37 38 39 40
229431 6 35 36 37 38 39 40
230117 6 35 36 37 38 39 40
250709 6 35 36 37 38 39 40
251249 6 35 36 37 38 39 40
251291 6 35 36 37 38 39 40
264555 6 35 36 37 38 39 40
265589 6 35 36 37 38 39 40
274391 6 35 36 37 38 39 40
278095 6 35 36 37 38 39 40
551712 6 35 36 37 38 39 40
282969 6 35 36 37 38 39 40
289093 6 35 36 37 38 39 40
292879 6 35 36 37 38 39 40
552141 6 35 36 37 38 39 40
299525 6 35 36 37 38 39 40
307659 6 35 36 37 38 39 40
310105 6 35 36 37 38 39 40
314173 6 35 36 37 38 39 40
337385 6 35 36 37 38 39 40
366921 6 35 36 37 38 39 40
379327 6 35 36 37 38 39 40
555652 6 35 36 37 38 39 40
396011 6 35 36 37 38 39 40
418921 6 35 36 37 38 39 40
422913 6 35 36 37 38 39 40
425783 6 35 36 37 38 39 40
429091 6 35 36 37 38 39 40
441441 6 35 36 37 38 39 40
453979 6 35 36 37 38 39 40
474913 6 35 36 37 38 39 40
475051 6 35 36 37 38 39 40
475913 6 35 36 37 38 39 40
497731 6 35 36 37 38 39 40
504511 6 35 36 37 38 39 40
509841 6 35 36 37 38 39 40
515513 6 35 36 37 38 39 40
523985 6 35 36 37 38 39 40
527993 6 35 36 37 38 39 40
528093 6 35 36 37 38 39 40
529309 6 35 36 37 38 39 40
533247 6 35 36 37 38 39 40
535817 6 35 36 37 38 39 40
537413 6 35 36 37 38 39 40
538135 6 35 36 37 38 39 40
40039 2 36 37
51851 2 36 37
74813 2 36 37
97045 2 36 37
124441 2 36 37
200183 2 36 37
210289 2 36 37
269289 2 36 37
269545 2 36 37
322211 2 36 37
343585 2 36 37
354029 2 36 37
401551 2 36 37
429315 2 36 37
437669 2 36 37
440087 2 36 37
451181 2 36 37
481071 2 36 37
513775 2 36 37
3961 1 37
58393 1 37
78365 1 37
81905 1 37
106773 1 37
109669 1 37
110445 1 37
124445 1 37
136259 1 37
141867 1 37
186451 1 37
188807 1 37
201177 1 37
202189 1 37
210403 1 37
217625 1 37
242105 1 37
551311 1 37
304985 1 37
334687 1 37
353835 1 37
359289 1 37
392791 1 37
413347 1 37
428499 1 37
451549 1 37
493267 1 37
498003 1 37
524549 1 37
535861 1 37
1263 3 38 39 40
9729 3 38 39 40
23925 3 38 39 40
44327 3 38 39 40
63109 3 38 39 40
181347 3 38 39 40
195489 3 38 39 40
273555 3 38 39 40
296369 3 38 39 40
304503 3 38 39 40
555217 3 38 39 40
377165 3 38 39 40
418053 3 38 39 40
163 1 39
15735 1 39
19257 1 39
48603 1 39
177759 1 39
232613 1 39
244819 1 39
551445 1 39
330023 1 39
332743 1 39
369553 1 39
383543 1 39
401837 1 39
442113 1 39
458575 1 39
536967 1 39
537801 1 39
1107 1 40
75063 1 40
80901 1 40
92919 1 40
100521 1 40
114111 1 40
126843 1 40
149305 1 40
162865 1 40
231327 1 40
262931 1 40
263427 1 40
297251 1 40
359539 1 40
386315 1 40
422229 1 40
432173 1 40
457897 1 40
475001 1 40
526501 1 40
536829 1 40
20707 10 41 42 43 44 45 46 47 48 49 50
65421 10 41 42 43 44 45 46 47 48 49 50
87247 10 41 42 43 44 45 46 47 48 49 50
95823 10 41 42 43 44 45 46 47 48 49 50
98721 10 41 42 43 44 45 46 47 48 49 50
139783 10 41 42 43 44 45 46 47 48 49 50
145889 10 41 42 43 44 45 46 47 48 49 50
177273 10 41 42 43 44 45 46 47 48 49 50
240179 10 41 42 43 44 45 46 47 48 49 50
250307 10 41 42 43 44 45 46 47 48 49 50
307167 10 41 42 43 44 45 46 47 48 49 50
335771 10 41 42 43 44 45 46 47 48 49 50
381339 10 41 42 43 44 45 46 47 48 49 50
392649 10 41 42 43 44 45 46 47 48 49 50
444015 10 41 42 43 44 45 46 47 48 49 50
463737 10 41 42 43 44 45 46 47 48 49 50
505245 10 41 42 43 44 45 46 47 48 49 50
509211 10 41 42 43 44 45 46 47 48 49 50
531379 10 41 42 43 44 45 46 47 48 49 50
546249 2 42 43
143089 2 42 43
158703 2 42 43
172901 2 42 43
179103 2 42 43
188035 2 42 43
199511 2 42 43
209557 2 42 43
549003 2 42 43
246185 2 42 43
257097 2 42 43
294001 2 42 43
324065 2 42 43
373491 2 42 43
398093 2 42 43
456447 2 42 43
486129 2 42 43
494579 2 42 43
527241 2 42 43
28137 1 43
41517 1 43
543981 1 43
119799 1 43
132633 1 43
132779 1 43
143777 1 43
149187 1 43
150521 1 43
163061 1 43
173205 1 43
175455 1 43
197719 1 43
210801 1 43
240781 1 43
250629 1 43
258137 1 43
552426 1 43
315915 1 43
321023 1 43
327353 1 43
340059 1 43
415427 1 43
416605 1 43
455635 1 43
516209 1 43
521879 1 43
524481 1 43
534941 1 43
540750 2 44 45
30675 2 44 45
30887 2 44 45
41743 2 44 45
542697 2 44 45
63111 2 44 45
79349 2 44 45
543954 2 44 45
100925 2 44 45
544689 2 44 45
119623 2 44 45
119649 2 44 45
128141 2 44 45
133835 2 44 45
156321 2 44 45
175603 2 44 45
198289 2 44 45
220507 2 44 45
222487 2 44 45
225919 2 44 45
231901 2 44 45
266097 2 44 45
267207 2 44 45
274143 2 44 45
298403 2 44 45
311675 2 44 45
324565 2 44 45
330537 2 44 45
357603 2 44 45
364125 2 44 45
555747 2 44 45
393259 2 44 45
393325 2 44 45
412919 2 44 45
422031 2 44 45
424849 2 44 45
426927 2 44 45
431925 2 44 45
444821 2 44 45
457085 2 44 45
465091 2 44 45
478177 2 44 45
495021 2 44 45
498007 2 44 45
506011 2 44 45
507145 2 44 45
517109 2 44 45
520575 2 44 45
528817 2 44 45
532707 2 44 45
532817 2 44 45
537471 2 44 45
661 1 45
8945 1 45
18913 1 45
30855 1 45
33621 1 45
47977 1 45
55187 1 45
87743 1 45
97201 1 45
136591 1 45
142009 1 45
149051 1 45
161853 1 45
164223 1 45
177227 1 45
194247 1 45
220789 1 45
229075 1 45
249391 1 45
289981 1 45
291285 1 45
301597 1 45
302759 1 45
348979 1 45
352615 1 45
380519 1 45
435587 1 45
460737 1 45
472435 1 45
477059 1 45
489413 1 45
494361 1 45
498953 1 45
505557 1 45
507021 1 45
537321 1 45
1009 1 46
49207 1 46
58133 1 46
65543 1 46
100667 1 46
112973 1 46
140151 1 46
168769 1 46
214643 1 46
220159 1 46
222753 1 46
253091 1 46
259747 1 46
261723 1 46
282843 1 46
287309 1 46
309199 1 46
345467 1 46
376459 1 46
402137 1 46
422997 1 46
450695 1 46
485381 1 46
534247 1 46
537027 1 46
69951 4 47 48 49 50
126665 4 47 48 49 50
157313 4 47 48 49 50
227269 4 47 48 49 50
310389 4 47 48 49 50
319371 4 47 48 49 50
446433 4 47 48 49 50
24347 1 48
48093 1 48
103097 1 48
135147 1 48
151929 1 48
154503 1 48
165455 1 48
241049 1 48
551004 1 48
383767 1 48
399611 1 48
5121 2 49 50
36009 2 49 50
77497 2 49 50
97177 2 49 50
120857 2 49 50
129107 2 49 50
138469 2 49 50
166659 2 49 50
210705 2 49 50
216531 2 49 50
216881 2 49 50
551859 2 49 50
291789 2 49 50
299063 2 49 50
369477 2 49 50
379725 2 49 50
388755 2 49 50
556530 2 49 50
434031 2 49 50
439641 2 49 50
494031 2 49 50
535651 2 49 50
539445 2 49 50
28289 1 50
67149 1 50
150097 1 50
212861 1 50
334873 1 50
352855 1 50
523353 1 50
536327 1 50
93011 5 51 52 53 54 55
128845 5 51 52 53 54 55
134783 5 51 52 53 54 55
148363 5 51 52 53 54 55
159997 5 51 52 53 54 55
208991 5 51 52 53 54 55
223279 5 51 52 53 54 55
268421 5 51 52 53 54 55
272171 5 51 52 53 54 55
288727 5 51 52 53 54 55
346507 5 51 52 53 54 55
352279 5 51 52 53 54 55
362109 5 51 52 53 54 55
373621 5 51 52 53 54 55
389893 5 51 52 53 54 55
422579 5 51 52 53 54 55
445957 5 51 52 53 54 55
489647 5 51 52 53 54 55
495641 5 51 52 53 54 55
502805 5 51 52 53 54 55
505919 5 51 52 53 54 55
527747 5 51 52 53 54 55
36163 4 52 53 54 55
80089 4 52 53 54 55
101827 4 52 53 54 55
128739 4 52 53 54 55
138185 4 52 53 54 55
219195 4 52 53 54 55
249257 4 52 53 54 55
253501 4 52 53 54 55
256405 4 52 53 54 55
265053 4 52 53 54 55
286981 4 52 53 54 55
295713 4 52 53 54 55
553971 4 52 53 54 55
357305 4 52 53 54 55
387171 4 52 53 54 55
420291 4 52 53 54 55
426503 4 52 53 54 55
428485 4 52 53 54 55
441529 4 52 53 54 55
453583 4 52 53 54 55
488143 4 52 53 54 55
491387 4 52 53 54 55
497535 4 52 53 54 55
507211 4 52 53 54 55
533021 4 52 53 54 55
537045 4 52 53 54 55
28207 2 53 54
44519 2 53 54
46673 2 53 54
86621 2 53 54
117935 2 53 54
160071 2 53 54
248421 2 53 54
340153 2 53 54
379579 2 53 54
388891 2 53 54
413793 2 53 54
531733 2 53 54
540798 1 54
8893 1 54
13361 1 54
17365 1 54
20869 1 54
26167 1 54
61417 1 54
125903 1 54
127001 1 54
137779 1 54
142195 1 54
147753 1 54
149545 1 54
174753 1 54
184065 1 54
228047 1 54
550098 1 54
244613 1 54
247675 1 54
258805 1 54
263821 1 54
287335 1 54
303555 1 54
331055 1 54
343565 1 54
554133 1 54
381503 1 54
381507 1 54
394017 1 54
394039 1 54
395149 1 54
396731 1 54
402403 1 54
405067 1 54
418021 1 54
474087 1 54
489509 1 54
507801 1 54
528211 1 54
531357 1 54
2965 1 55
7279 1 55
29373 1 55
29523 1 55
43421 1 55
47497 1 55
55471 1 55
60419 1 55
66605 1 55
83681 1 55
88117 1 55
107859 1 55
129065 1 55
545694 1 55
170125 1 55
191145 1 55
205447 1 55
206187 1 55
548940 1 55
215741 1 55
221157 1 55
221745 1 55
234729 1 55
273765 1 55
294947 1 55
320591 1 55
330465 1 55
351089 1 55
370595 1 55
373321 1 55
378343 1 55
395827 1 55
400137 1 55
407643 1 55
409031 1 55
412607 1 55
413931 1 55
415677 1 55
422255 1 55
449089 1 55
475911 1 55
476039 1 55
491465 1 55
506133 1 55
514943 1 55
520309 1 55
522375 1 55
537845 1 55
35865 1 56
43945 1 56
99307 1 56
174995 1 56
189865 1 56
198509 1 56
200255 1 56
226679 1 56
234309 1 56
244647 1 56
255131 1 56
257183 1 56
266289 1 56
274757 1 56
299515 1 56
319047 1 56
343143 1 56
352287 1 56
382283 1 56
413803 1 56
438469 1 56
446033 1 56
459819 1 56
470049 1 56
476569 1 56
481969 1 56
482065 1 56
490835 1 56
502913 1 56
528525 1 56
2205 10 57 58 59 60 61 62 63 64 65 66
6929 10 57 58 59 60 61 62 63 64 65 66
15907 10 57 58 59 60 61 62 63 64 65 66
39855 10 57 58 59 60 61 62 63 64 65 66
41573 10 57 58 59 60 61 62 63 64 65 66
289741 10 57 58 59 60 61 62 63 64 65 66
370633 10 57 58 59 60 61 62 63 64 65 66
389939 10 57 58 59 60 61 62 63 64 65 66
943 3 58 59 60
2847 3 58 59 60
27415 3 58 59 60
32433 3 58 59 60
32595 3 58 59 60
33633 3 58 59 60
50389 3 58 59 60
52159 3 58 59 60
59473 3 58 59 60
72147 3 58 59 60
73129 3 58 59 60
76957 3 58 59 60
84143 3 58 59 60
105495 3 58 59 60
106739 3 58 59 60
119477 3 58 59 60
144387 3 58 59 60
161055 3 58 59 60
179059 3 58 59 60
195003 3 58 59 60
212347 3 58 59 60
214313 3 58 59 60
249237 3 58 59 60
266137 3 58 59 60
277103 3 58 59 60
290353 3 58 59 60
298757 3 58 59 60
552498 3 58 59 60
345637 3 58 59 60
366155 3 58 59 60
386487 3 58 59 60
408287 3 58 59 60
465693 3 58 59 60
505837 3 58 59 60
521305 3 58 59 60
521619 3 58 59 60
524941 3 58 59 60
11361 1 59
25933 1 59
27057 1 59
105475 1 59
107693 1 59
121687 1 59
175507 1 59
195035 1 59
236397 1 59
285203 1 59
290833 1 59
372311 1 59
557223 1 59
439775 1 59
457571 1 59
498011 1 59
15209 1 60
16961 1 60
17777 1 60
29103 1 60
64213 1 60
70779 1 60
101543 1 60
134127 1 60
168987 1 60
172361 1 60
183229 1 60
208295 1 60
211061 1 60
214897 1 60
215785 1 60
299631 1 60
306011 1 60
314623 1 60
343753 1 60
411891 1 60
423021 1 60
430649 1 60
478595 1 60
507121 1 60
515765 1 60
561285 1 60
534887 1 60
540765 3 61 62 63
68515 3 61 62 63
96405 3 61 62 63
105881 3 61 62 63
106525 3 61 62 63
123539 3 61 62 63
156201 3 61 62 63
187259 3 61 62 63
346339 3 61 62 63
367955 3 61 62 63
407685 3 61 62 63
430221 3 61 62 63
479435 4 61 62 63 63
498045 3 61 62 63
521671 3 61 62 63
528739 3 61 62 63
1689 1 62
43677 1 62
59653 1 62
64809 1 62
103473 1 62
110009 1 62
115175 1 62
125741 1 62
136557 1 62
143059 1 62
546738 1 62
154619 1 62
175387 1 62
191537 1 62
193845 1 62
198375 1 62
549889 1 62
256641 1 62
262853 1 62
271367 1 62
553534 1 62
342037 1 62
356219 1 62
367555 1 62
398935 1 62
430505 1 62
439519 1 62
477827 1 62
479825 1 62
500043 1 62
524689 1 62
532467 1 62
8723 1 63
8997 1 63
12189 1 63
13179 1 63
15351 1 63
17341 1 63
18195 1 63
31793 1 63
40423 1 63
46197 1 63
59289 1 63
66193 1 63
67147 1 63
77075 1 63
83529 1 63
104677 1 63
108943 1 63
124239 1 63
146039 1 63
146893 1 63
154985 1 63
163893 1 63
166719 1 63
174831 1 63
185311 1 63
191229 1 63
192811 1 63
199419 1 63
207861 1 63
213753 1 63
227233 1 63
227565 1 63
244749 1 63
261637 1 63
263613 1 63
551170 1 63
272083 1 63
275095 1 63
278223 1 63
289621 1 63
317507 1 63
318469 1 63
326695 1 63
349449 1 63
351189 1 63
353223 1 63
355079 1 63
358111 1 63
360161 1 63
360885 1 63
363147 1 63
372983 1 63
386015 1 63
556308 1 63
403199 1 63
404145 1 63
415445 1 63
416835 1 63
426499 1 63
429485 1 63
435887 1 63
447849 1 63
464975 1 63
476647 1 63
489169 1 63
496227 1 63
501157 1 63
516689 1 63
531107 1 63
1011 1 64
2347 1 64
2423 1 64
14347 1 64
16819 1 64
25609 1 64
26291 1 64
32467 1 64
35925 1 64
36843 1 64
37687 1 64
40973 1 64
57259 1 64
562222 1 64
76495 1 64
85853 1 64
90595 1 64
91773 1 64
96475 1 64
98737 1 64
104003 1 64
109873 1 64
112047 1 64
127559 1 64
129509 1 64
135473 1 64
141351 1 64
142697 1 64
145695 1 64
164605 1 64
547509 1 64
172921 1 64
180467 1 64
180639 1 64
183279 1 64
190073 1 64
190795 1 64
204199 1 64
211629 1 64
215319 1 64
216769 1 64
217061 1 64
219207 1 64
224117 1 64
225643 1 64
227315 1 64
549729 1 64
234373 1 64
550143 1 64
252071 1 64
252883 1 64
254523 1 64
260715 1 64
262713 1 64
285613 1 64
300481 1 64
552720 1 64
314309 1 64
324917 1 64
328587 1 64
338337 1 64
349447 1 64
352415 1 64
352571 1 64
357675 1 64
358731 1 64
359203 1 64
384849 1 64
394385 1 64
395155 1 64
406899 1 64
408683 1 64
420203 1 64
422439 1 64
423785 1 64
433055 1 64
434813 1 64
441473 1 64
446345 1 64
447517 1 64
456477 1 64
461407 1 64
464547 1 64
469149 1 64
475791 1 64
482163 1 64
482301 1 64
485201 1 64
486721 1 64
499735 1 64
517909 1 64
520661 1 64
522675 1 64
528631 1 64
535877 1 64
536933 1 64
17037 1 65
36217 1 65
73587 1 65
175905 1 65
548613 1 65
203419 1 65
203881 1 65
228455 1 65
263973 1 65
265433 1 65
274983 1 65
284339 1 65
324017 1 65
337963 1 65
338499 1 65
355665 1 65
359249 1 65
375023 1 65
391665 1 65
459491 1 65
481501 1 65
494621 1 65
495131 1 65
560605 1 65
518601 1 65
538545 1 65
2141 1 66
140593 1 66
161419 1 66
164573 1 66
182553 1 66
25115 1 67
88295 1 67
544437 1 67
290967 1 67
396337 1 67
403483 1 67
502259 1 67
520393 1 67
132687 4 68 69 70 71
138237 4 68 69 70 71
148513 4 68 69 70 71
269691 4 68 69 70 71
344727 4 68 69 70 71
559248 4 68 69 70 71
492403 4 68 69 70 71
560940 4 68 69 70 71
10175 1 69
32007 1 69
39229 1 69
54127 1 69
66511 1 69
79779 1 69
103139 1 69
110125 1 69
133855 1 69
138479 1 69
180591 1 69
181285 1 69
188753 1 69
194633 1 69
207107 1 69
234497 1 69
265193 1 69
269415 1 69
284111 1 69
313175 1 69
316013 1 69
338383 1 69
338511 1 69
358599 1 69
413233 1 69
413893 1 69
418755 1 69
428915 1 69
452003 1 69
474023 1 69
498235 1 69
501357 1 69
510115 1 69
41673 1 70
60991 1 70
542961 1 70
82089 1 70
82919 1 70
83463 1 70
95165 1 70
96203 1 70
116355 1 70
121285 1 70
140791 1 70
146543 1 70
176309 1 70
176385 1 70
202689 1 70
215927 1 70
217109 1 70
252605 1 70
295907 1 70
356941 1 70
358295 1 70
420741 1 70
442961 1 70
448363 1 70
558327 1 70
456863 1 70
461141 1 70
477697 1 70
478779 1 70
524367 1 70
525601 1 70
526043 1 70
526091 1 70
26863 1 71
33287 1 71
37473 1 71
75661 1 71
88797 1 71
92433 1 71
93851 1 71
117717 1 71
141463 1 71
154295 1 71
180007 1 71
185529 1 71
548412 1 71
203357 1 71
236147 1 71
270273 1 71
342189 1 71
358893 1 71
362941 1 71
415519 1 71
425141 1 71
454465 1 71
476439 1 71
46846 1 72
554276 1 72
495610 1 72
1145 1 72
2385 1 72
540939 1 72
32629 1 72
35675 1 72
48243 1 72
61209 1 72
68035 1 72
107473 1 72
111049 1 72
131665 1 72
142623 1 72
163183 1 72
191157 1 72
198047 1 72
200697 1 72
231575 1 72
233493 1 72
239241 1 72
246095 1 72
255943 1 72
284649 1 72
296343 1 72
324867 1 72
345685 1 72
356913 1 72
362563 1 72
366359 1 72
389079 1 72
389787 1 72
408007 1 72
509401 1 72
530075 1 72
387 1 73
1227 1 73
3295 1 73
3559 1 73
5123 1 73
6425 1 73
6661 1 73
7687 1 73
7741 1 73
9507 1 73
10079 1 73
11633 1 73
12601 1 73
541218 1 73
18065 1 73
18811 1 73
19771 1 73
21029 1 73
25165 1 73
28523 1 73
29321 1 73
32681 1 73
39239 1 73
43367 1 73
46191 1 73
49861 1 73
49973 1 73
53137 1 73
53597 1 73
55161 1 73
55351 1 73
58475 1 73
59287 1 73
60403 1 73
63681 1 73
64361 1 73
66015 1 73
67873 1 73
68861 1 73
70129 1 73
543354 1 73
74773 1 73
75001 1 73
75379 1 73
76469 1 73
78025 1 73
79675 1 73
81221 1 73
82083 1 73
82253 1 73
543756 1 73
84199 1 73
86237 1 73
87109 1 73
90255 1 73
91305 1 73
92095 1 73
544332 1 73
99347 1 73
105643 1 73
105985 1 73
107157 1 73
109521 1 73
111107 1 73
111203 1 73
111597 1 73
121031 1 73
122649 1 73
125105 1 73
126877 1 73
129411 1 73
131933 1 73
139625 1 73
140271 1 73
144659 1 73
144951 1 73
150289 1 73
150483 1 73
150535 1 73
150733 1 73
151685 1 73
152403 1 73
152457 1 73
152593 1 73
154613 1 73
155387 1 73
164683 1 73
167221 1 73
172681 1 73
175085 1 73
547710 1 73
181325 1 73
183645 1 73
183939 1 73
184091 1 73
188455 1 73
188483 1 73
189197 1 73
189817 1 73
193291 1 73
194107 1 73
195665 1 73
195965 1 73
196799 1 73
548589 1 73
201789 1 73
203383 1 73
204691 1 73
205757 1 73
205807 1 73
208779 1 73
210385 1 73
214537 1 73
214943 1 73
220523 1 73
227135 1 73
227531 1 73
228035 1 73
229839 1 73
235345 1 73
235629 1 73
237695 1 73
239115 1 73
239419 1 73
240735 1 73
242111 1 73
246137 1 73
550398 1 73
246493 1 73
247953 1 73
251011 1 73
252067 1 73
253495 1 73
254433 1 73
254595 1 73
255319 1 73
255941 1 73
256257 1 73
256909 1 73
258901 1 73
265357 1 73
266359 1 73
266363 1 73
272349 1 73
273771 1 73
278457 1 73
279459 1 73
281365 1 73
284059 1 73
284813 1 73
287739 1 73
291763 1 73
292719 1 73
295529 1 73
296153 1 73
300359 1 73
301833 1 73
302121 1 73
304935 1 73
305361 1 73
305901 1 73
306475 1 73
307145 1 73
307875 1 73
552828 1 73
310969 1 73
316291 1 73
319227 1 73
320455 1 73
321289 1 73
321431 1 73
323957 1 73
326413 1 73
328891 1 73
329099 1 73
331529 1 73
331577 1 73
331607 1 73
334359 1 73
335069 1 73
336901 1 73
337443 1 73
342469 1 73
342533 1 73
346283 1 73
350283 1 73
554406 1 73
350463 1 73
352251 1 73
352969 1 73
357973 1 73
359297 1 73
359981 1 73
365951 1 73
366851 1 73
368235 1 73
368811 1 73
369165 1 73
373161 1 73
373471 1 73
375239 1 73
375427 1 73
380995 1 73
381277 1 73
382053 1 73
382307 1 73
383263 1 73
387317 1 73
387793 1 73
388537 1 73
555909 1 73
388783 1 73
395549 1 73
402803 1 73
405741 1 73
407323 1 73
408893 1 73
408985 1 73
410229 1 73
413517 1 73
418929 1 73
420071 1 73
422185 1 73
422217 1 73
424435 1 73
431979 1 73
432447 1 73
433111 1 73
443749 1 73
448981 1 73
451853 1 73
452469 1 73
452751 1 73
456335 1 73
459399 1 73
463903 1 73
463969 1 73
465373 1 73
465385 1 73
470927 1 73
471725 1 73
559407 1 73
474831 1 73
475317 1 73
475563 1 73
559452 1 73
559488 1 73
479153 1 73
480015 1 73
481343 1 73
481841 1 73
483555 1 73
486927 1 73
489567 1 73
489753 1 73
489799 1 73
490197 1 73
493833 1 73
498459 1 73
499247 1 73
502313 1 73
503121 1 73
503745 1 73
504413 1 73
505141 1 73
506497 1 73
512627 1 73
512979 1 73
513877 1 73
514003 1 73
514519 1 73
514913 1 73
518973 1 73
519737 1 73
523033 1 73
561471 1 73
525777 1 73
527479 1 73
528921 1 73
529729 1 73
529937 1 73
533577 1 73
534013 1 73
537199 1 73
538785 1 73
11565 1 74
12015 1 74
17109 1 74
17305 1 74
17941 1 74
541221 1 74
20755 1 74
24529 1 74
32975 1 74
542292 1 74
53053 1 74
53353 1 74
59589 1 74
59713 1 74
59895 1 74
60351 1 74
62103 1 74
62949 1 74
64313 1 74
64499 1 74
64513 1 74
67953 1 74
72737 1 74
80743 1 74
81091 1 74
82389 1 74
82391 1 74
84489 1 74
87237 1 74
90699 1 74
93189 1 74
94001 1 74
94115 1 74
101227 1 74
117255 1 74
119887 1 74
120511 1 74
124015 1 74
125343 1 74
128421 1 74
130869 1 74
135311 1 74
141407 1 74
143569 1 74
147661 1 74
148341 1 74
154577 1 74
546732 1 74
155391 1 74
159095 1 74
165961 1 74
166495 1 74
168165 1 74
168495 1 74
547341 1 74
177393 1 74
181397 1 74
184881 1 74
185839 1 74
192849 1 74
193437 1 74
204435 1 74
205773 1 74
206311 1 74
209391 1 74
211333 1 74
222063 1 74
222289 1 74
224771 1 74
226277 1 74
226415 1 74
228295 1 74
229403 1 74
232049 1 74
235121 1 74
238813 1 74
243267 1 74
243269 1 74
246219 1 74
550629 1 74
257969 1 74
258025 1 74
263777 1 74
267981 1 74
276181 1 74
276185 1 74
551604 1 74
284147 1 74
292143 1 74
303267 1 74
309427 1 74
310257 1 74
312441 1 74
317989 1 74
321045 1 74
322019 1 74
323417 1 74
323419 1 74
327753 1 74
332505 1 74
346091 1 74
347921 1 74
350301 1 74
352593 1 74
354615 1 74
355311 1 74
360187 1 74
366235 1 74
370721 1 74
372401 1 74
375853 1 74
375861 1 74
385697 1 74
387153 1 74
388273 1 74
556959 1 74
438919 1 74
443029 1 74
443739 1 74
444259 1 74
444607 1 74
447911 1 74
449643 1 74
454765 1 74
457801 1 74
465117 1 74
465621 1 74
469387 1 74
474141 1 74
477067 1 74
486019 1 74
488101 1 74
489263 1 74
498863 1 74
499279 1 74
499697 1 74
501451 1 74
507105 1 74
511719 1 74
512257 1 74
512929 1 74
513087 1 74
513991 1 74
516439 1 74
518599 1 74
519265 1 74
519633 1 74
525185 1 74
561738 1 74
561879 1 74
537177 1 74
538627 1 74
1135 1 75
1413 1 75
1605 1 75
1751 1 75
1881 1 75
2837 1 75
3275 1 75
540675 1 75
6179 1 75
6325 1 75
7441 1 75
9425 1 75
9547 1 75
10163 1 75
10427 1 75
10499 1 75
11817 1 75
13077 1 75
13269 1 75
13531 1 75
14233 1 75
14427 1 75
15945 1 75
16769 1 75
17107 1 75
17541 1 75
17655 1 75
18267 1 75
20879 1 75
21317 1 75
21573 1 75
22179 1 75
22233 1 75
23051 1 75
23115 1 75
25483 1 75
25713 1 75
25987 1 75
26517 1 75
26615 1 75
27359 1 75
28571 1 75
29243 1 75
29911 1 75
31093 1 75
31271 1 75
32161 1 75
32237 1 75
32337 1 75
34493 1 75
35759 1 75
36193 1 75
36265 1 75
542008 1 75
38715 1 75
39423 1 75
42697 1 75
43425 1 75
43705 1 75
43927 1 75
44205 1 75
46157 1 75
542313 1 75
47167 1 75
50503 1 75
51455 1 75
53269 1 75
54589 1 75
54757 1 75
55107 1 75
57261 1 75
58569 1 75
60035 1 75
60639 1 75
60895 1 75
63343 1 75
64531 1 75
65375 1 75
65685 1 75
66199 1 75
66571 1 75
68463 1 75
68637 1 75
75071 1 75
75215 1 75
76721 1 75
77603 1 75
78077 1 75
78275 1 75
79665 1 75
80475 1 75
80563 1 75
80773 1 75
82489 1 75
84533 1 75
85199 1 75
85905 1 75
86565 1 75
88187 1 75
88443 1 75
88613 1 75
90375 1 75
90961 1 75
91477 1 75
544170 1 75
92903 1 75
94455 1 75
95455 1 75
95877 1 75
96115 1 75
98725 1 75
99079 1 75
99955 1 75
100525 1 75
101821 1 75
102465 1 75
102893 1 75
104087 1 75
104147 1 75
107091 1 75
107269 1 75
108005 1 75
108775 1 75
109589 1 75
110063 1 75
111113 1 75
111565 1 75
111973 1 75
112875 1 75
114333 1 75
114703 1 75
114715 1 75
115679 1 75
116731 1 75
118339 1 75
118889 1 75
118947 1 75
120701 1 75
121431 1 75
121729 1 75
122255 1 75
123603 1 75
124211 1 75
125027 1 75
545517 1 75
126119 1 75
126615 1 75
127059 1 75
127197 1 75
128317 1 75
130209 1 75
131417 1 75
132577 1 75
133619 1 75
134579 1 75
135015 1 75
137473 1 75
137649 1 75
138357 1 75
139171 1 75
139299 1 75
139637 1 75
139903 1 75
140709 1 75
141651 1 75
141897 1 75
141921 1 75
142169 1 75
143141 1 75
143181 1 75
143571 1 75
144017 1 75
146765 1 75
149731 1 75
149889 1 75
150969 1 75
152137 1 75
152197 1 75
152659 1 75
546678 1 75
153791 1 75
154285 1 75
154359 1 75
154565 1 75
154925 1 75
156505 1 75
157009 1 75
546840 1 75
157955 1 75
158201 1 75
158691 1 75
159221 1 75
159459 1 75
159849 1 75
160785 1 75
161175 1 75
161865 1 75
164639 1 75
165631 1 75
166747 1 75
168483 1 75
169467 1 75
169653 1 75
172249 1 75
172437 1 75
174079 1 75
174221 1 75
174869 1 75
175149 1 75
175647 1 75
176281 1 75
178855 1 75
179389 1 75
183231 1 75
183683 1 75
184631 1 75
184921 1 75
185101 1 75
185293 1 75
187301 1 75
187447 1 75
548104 1 75
190633 1 75
191613 1 75
191621 1 75
191995 1 75
192303 1 75
193073 1 75
193165 1 75
193835 1 75
194791 1 75
196461 1 75
196683 1 75
197081 1 75
197293 1 75
197663 1 75
198207 1 75
198625 1 75
200793 1 75
201661 1 75
548706 1 75
548772 1 75
207399 1 75
208567 1 75
209417 1 75
212233 1 75
215451 1 75
215503 1 75
219409 1 75
219413 1 75
220497 1 75
224061 1 75
224325 1 75
224451 1 75
229471 1 75
231569 1 75
232197 1 75
232647 1 75
233599 1 75
234147 1 75
235257 1 75
235483 1 75
236305 1 75
236527 1 75
237263 1 75
237881 1 75
238403 1 75
550134 1 75
241293 1 75
241903 1 75
550230 1 75
242659 1 75
243257 1 75
243363 1 75
243693 1 75
243725 1 75
244643 1 75
246379 1 75
246451 1 75
550440 1 75
247769 1 75
247947 1 75
248413 1 75
249563 1 75
254299 1 75
255735 1 75
258675 1 75
259015 1 75
260363 1 75
260493 1 75
260939 1 75
262889 1 75
262955 1 75
264695 1 75
264817 1 75
265939 1 75
266767 1 75
267025 1 75
268495 1 75
268649 1 75
551322 1 75
272991 1 75
273597 1 75
273969 1 75
274083 1 75
274663 1 75
275721 1 75
276593 1 75
277237 1 75
277997 1 75
279111 1 75
279799 1 75
279985 1 75
281313 1 75
281549 1 75
281743 1 75
282523 1 75
284593 1 75
285899 1 75
291201 1 75
291481 1 75
291777 1 75
291929 1 75
293985 1 75
294265 1 75
295431 1 75
295457 1 75
295555 1 75
296479 1 75
297431 1 75
297493 1 75
298447 1 75
299011 1 75
300113 1 75
552406 1 75
302735 1 75
303859 1 75
306817 1 75
308387 1 75
308537 1 75
310453 1 75
312119 1 75
312535 1 75
312725 1 75
313027 1 75
314117 1 75
316733 1 75
317727 1 75
318257 1 75
318735 1 75
319653 1 75
321649 1 75
324155 1 75
326107 1 75
326385 1 75
326933 1 75
330269 1 75
334345 1 75
334717 1 75
334997 1 75
339037 1 75
339775 1 75
339921 1 75
340557 1 75
340639 1 75
340893 1 75
341285 1 75
342081 1 75
342965 1 75
343049 1 75
343553 1 75
344081 1 75
346571 1 75
347547 1 75
347689 1 75
348623 1 75
352113 1 75
352511 1 75
357897 1 75
358391 1 75
359309 1 75
360653 1 75
362461 1 75
362645 1 75
362839 1 75
363049 1 75
363121 1 75
554881 1 75
363389 1 75
554893 1 75
364571 1 75
364655 1 75
364669 1 75
366079 1 75
555094 1 75
369223 1 75
369693 1 75
369781 1 75
373217 1 75
373247 1 75
373253 1 75
374535 1 75
374755 1 75
376137 1 75
376461 1 75
376811 1 75
555424 1 75
377513 1 75
378893 1 75
380585 1 75
381403 1 75
383155 1 75
555751 1 75
386089 1 75
388289 1 75
388509 1 75
555903 1 75
390547 1 75
390609 1 75
391163 1 75
391523 1 75
391855 1 75
392245 1 75
393605 1 75
556275 1 75
397499 1 75
398451 1 75
399999 1 75
556404 1 75
402881 1 75
403675 1 75
404141 1 75
405215 1 75
405717 1 75
405845 1 75
406377 1 75
407187 1 75
407805 1 75
408309 1 75
409609 1 75
409891 1 75
410173 1 75
410799 1 75
411117 1 75
413111 1 75
415451 1 75
415775 1 75
416079 1 75
416425 1 75
420439 1 75
421753 1 75
422309 1 75
423247 1 75
423985 1 75
425369 1 75
426099 1 75
426493 1 75
426775 1 75
427501 1 75
427579 1 75
428721 1 75
429215 1 75
429647 1 75
430551 1 75
431509 1 75
431645 1 75
433725 1 75
435605 1 75
435833 1 75
437757 1 75
437877 1 75
440073 1 75
440469 1 75
442101 1 75
443331 1 75
444045 1 75
445271 1 75
447113 1 75
447513 1 75
449133 1 75
449609 1 75
449749 1 75
451681 1 75
453119 1 75
558558 1 75
454141 1 75
458203 1 75
459115 1 75
461075 1 75
461759 1 75
462329 1 75
462637 1 75
462759 1 75
463435 1 75
464895 1 75
465731 1 75
467831 1 75
468493 1 75
468591 1 75
469943 1 75
470795 1 75
471179 1 75
473041 1 75
473975 1 75
474603 1 75
475023 1 75
476329 1 75
476817 1 75
476975 1 75
478103 1 75
478809 1 75
479551 1 75
480255 1 75
480337 1 75
481421 1 75
487567 1 75
487817 1 75
491081 1 75
491585 1 75
491587 1 75
492529 1 75
492715 1 75
497281 1 75
499285 1 75
499811 1 75
500743 1 75
501829 1 75
502207 1 75
503591 1 75
506029 1 75
506711 1 75
508927 1 75
509171 1 75
510445 1 75
510559 1 75
510745 1 75
511129 1 75
511147 1 75
512545 1 75
512595 1 75
512709 1 75
512717 1 75
513667 1 75
514457 1 75
515573 1 75
515585 1 75
518821 1 75
519015 1 75
520193 1 75
522423 1 75
522549 1 75
523175 1 75
524227 1 75
524589 1 75
527831 1 75
530247 1 75
530503 1 75
534933 1 75
535409 1 75
537747 1 75
539543 1 75
569 1 76
1375 1 76
1421 1 76
540631 1 76
3419 1 76
540660 1 76
4401 1 76
5381 1 76
540744 1 76
6585 1 76
9759 1 76
10619 1 76
10667 1 76
10925 1 76
11491 1 76
11579 1 76
12427 1 76
13737 1 76
14363 1 76
14445 1 76
16503 1 76
16943 1 76
16963 1 76
17801 1 76
18027 1 76
19885 1 76
20837 1 76
541357 1 76
24121 1 76
24543 1 76
24667 1 76
26279 1 76
27791 1 76
27845 1 76
28521 1 76
29997 1 76
30063 1 76
30223 1 76
30299 1 76
31739 1 76
32083 1 76
32937 1 76
34459 1 76
37619 1 76
39629 1 76
39809 1 76
40299 1 76
41259 1 76
42197 1 76
42599 1 76
43099 1 76
43253 1 76
43263 1 76
43395 1 76
44967 1 76
47239 1 76
48727 1 76
52773 1 76
53087 1 76
53139 1 76
53707 1 76
54771 1 76
55287 1 76
55519 1 76
57231 1 76
57597 1 76
57833 1 76
62161 1 76
67743 1 76
68599 1 76
68997 1 76
69461 1 76
71263 1 76
72313 1 76
73099 1 76
73933 1 76
75051 1 76
75691 1 76
76613 1 76
77213 1 76
78155 1 76
78257 1 76
79035 1 76
79867 1 76
81299 1 76
81449 1 76
82607 1 76
83175 1 76
83309 1 76
83579 1 76
84339 1 76
85839 1 76
86617 1 76
87163 1 76
87169 1 76
88933 1 76
89351 1 76
89515 1 76
89681 1 76
91331 1 76
91597 1 76
92079 1 76
93273 1 76
93741 1 76
96053 1 76
101975 1 76
545089 1 76
114845 1 76
115101 1 76
117187 1 76
122803 1 76
125713 1 76
126047 1 76
127113 1 76
129617 1 76
132563 1 76
134583 1 76
140013 1 76
140589 1 76
141509 1 76
148565 1 76
150549 1 76
152565 1 76
152885 1 76
153061 1 76
154691 1 76
157609 1 76
158893 1 76
164243 1 76
166421 1 76
168971 1 76
173951 1 76
176135 1 76
176555 1 76
182117 1 76
182331 1 76
183865 1 76
191387 1 76
196003 1 76
196075 1 76
199887 1 76
202161 1 76
202857 1 76
203811 1 76
204109 1 76
207915 1 76
209453 1 76
210105 1 76
211807 1 76
220981 1 76
224649 1 76
226677 1 76
230473 1 76
231495 1 76
236453 1 76
241389 1 76
550300 1 76
244397 1 76
251631 1 76
254645 1 76
254751 1 76
255607 1 76
257931 1 76
259005 1 76
260379 1 76
551106 1 76
264989 1 76
265883 1 76
551244 1 76
267273 1 76
268569 1 76
268733 1 76
271601 1 76
272161 1 76
281715 1 76
283213 1 76
284109 1 76
284375 1 76
287637 1 76
290253 1 76
298731 1 76
302269 1 76
304769 1 76
306395 1 76
313059 1 76
319993 1 76
325015 1 76
325885 1 76
327141 1 76
328705 1 76
333901 1 76
338443 1 76
341403 1 76
343599 1 76
343815 1 76
554202 1 76
346431 1 76
350783 1 76
351411 1 76
554559 1 76
358291 1 76
361563 1 76
362153 1 76
362363 1 76
366447 1 76
371765 1 76
371841 1 76
375789 1 76
382021 1 76
382175 1 76
386395 1 76
386717 1 76
391145 1 76
397347 1 76
397359 1 76
400007 1 76
405525 1 76
405683 1 76
406859 1 76
407675 1 76
415633 1 76
415821 1 76
416887 1 76
421173 1 76
422727 1 76
426681 1 76
427453 1 76
428283 1 76
429043 1 76
429503 1 76
432117 1 76
432309 1 76
432349 1 76
557755 1 76
436303 1 76
558012 1 76
444395 1 76
446497 1 76
448305 1 76
450859 1 76
558775 1 76
461191 1 76
465675 1 76
466313 1 76
467159 1 76
470399 1 76
470755 1 76
485919 1 76
486715 1 76
488535 1 76
490869 1 76
491129 1 76
492333 1 76
497245 1 76
497397 1 76
497829 1 76
500275 1 76
500597 1 76
504675 1 76
505437 1 76
508007 1 76
508933 1 76
509499 1 76
510915 1 76
511441 1 76
514503 1 76
515249 1 76
515901 1 76
561162 1 76
520447 1 76
520477 1 76
528779 1 76
528839 1 76
534601 1 76
536851 1 76
537567 1 76
539801 1 76
540439 1 76
7607 1 77
12863 1 77
18377 1 77
19429 1 77
21013 1 77
21757 1 77
27605 1 77
28913 1 77
34791 1 77
35239 1 77
51287 1 77
53117 1 77
57037 1 77
64843 1 77
73597 1 77
78921 1 77
543864 1 77
86921 1 77
88511 1 77
93333 1 77
95409 1 77
95593 1 77
544416 1 77
101747 1 77
101887 1 77
109839 1 77
545083 1 77
545262 1 77
121347 1 77
135047 1 77
136347 1 77
150189 1 77
153793 1 77
163109 1 77
168087 1 77
172065 1 77
175121 1 77
181047 1 77
187309 1 77
188159 1 77
189879 1 77
211945 1 77
216143 1 77
224347 1 77
225877 1 77
226825 1 77
233623 1 77
236323 1 77
244035 1 77
245787 1 77
250537 1 77
266751 1 77
272567 1 77
287255 1 77
297639 1 77
310781 1 77
323023 1 77
324263 1 77
334197 1 77
335739 1 77
337705 1 77
349611 1 77
351243 1 77
351767 1 77
356885 1 77
363757 1 77
369475 1 77
373965 1 77
555310 1 77
374639 1 77
379465 1 77
397257 1 77
401625 1 77
405759 1 77
405833 1 77
416969 1 77
418877 1 77
422005 1 77
422787 1 77
430529 1 77
435817 1 77
445151 1 77
446295 1 77
446975 1 77
455425 1 77
458509 1 77
559060 1 77
466595 1 77
477367 1 77
559588 1 77
559890 1 77
488953 1 77
495029 1 77
505103 1 77
512783 1 77
518365 1 77
518405 1 77
519219 1 77
524209 1 77
539329 1 77
540061 1 77
3149 1 78
3803 1 78
23129 1 78
28719 1 78
33907 1 78
34043 1 78
37697 1 78
46659 1 78
48083 1 78
77709 1 78
88877 1 78
89369 1 78
90357 1 78
95141 1 78
95683 1 78
106555 1 78
112607 1 78
140725 1 78
149485 1 78
167163 1 78
173305 1 78
179425 1 78
182233 1 78
182715 1 78
210697 1 78
212711 1 78
232055 1 78
240185 1 78
250805 1 78
267821 1 78
268263 1 78
551517 1 78
276111 1 78
280993 1 78
303533 1 78
304785 1 78
304995 1 78
310519 1 78
320797 1 78
325769 1 78
328949 1 78
334297 1 78
341085 1 78
358265 1 78
397541 1 78
417049 1 78
417057 1 78
426351 1 78
428827 1 78
557847 1 78
442769 1 78
459555 1 78
476215 1 78
479375 1 78
491433 1 78
492511 1 78
508277 1 78
509235 1 78
517619 1 78
529207 1 78
1297 1 79
3175 1 79
4325 1 79
5057 1 79
5711 1 79
6853 1 79
8473 1 79
12433 1 79
13815 1 79
15783 1 79
20057 1 79
21085 1 79
24737 1 79
541578 1 79
541731 1 79
36007 1 79
37233 1 79
46005 1 79
47107 1 79
49469 1 79
49825 1 79
57197 1 79
57961 1 79
61903 1 79
63265 1 79
66071 1 79
67427 1 79
69571 1 79
73199 1 79
79787 1 79
83443 1 79
83929 1 79
89049 1 79
97675 1 79
98255 1 79
103321 1 79
103927 1 79
107583 1 79
112751 1 79
545046 1 79
118397 1 79
122123 1 79
124371 1 79
127499 1 79
129207 1 79
130889 1 79
143243 1 79
144031 1 79
146381 1 79
146631 1 79
149069 1 79
152121 1 79
152323 1 79
162075 1 79
162119 1 79
163927 1 79
168855 1 79
169219 1 79
176497 1 79
177609 1 79
180075 1 79
185361 1 79
185649 1 79
187713 1 79
189167 1 79
195903 1 79
196377 1 79
548496 1 79
204019 1 79
207553 1 79
209885 1 79
209969 1 79
223935 1 79
224511 1 79
229951 1 79
232473 1 79
235167 1 79
239953 1 79
245909 1 79
247079 1 79
257081 1 79
261359 1 79
265537 1 79
267413 1 79
267499 1 79
276895 1 79
277859 1 79
278845 1 79
279781 1 79
552048 1 79
291375 1 79
292553 1 79
292585 1 79
297051 1 79
297727 1 79
552672 1 79
311315 1 79
312777 1 79
331239 1 79
331427 1 79
331491 1 79
333001 1 79
335579 1 79
336399 1 79
344067 1 79
344599 1 79
355005 1 79
355705 1 79
356425 1 79
367145 1 79
368503 1 79
372985 1 79
376713 1 79
377919 1 79
379303 1 79
380323 1 79
388889 1 79
393227 1 79
394557 1 79
406317 1 79
424253 1 79
425031 1 79
428719 1 79
433909 1 79
433985 1 79
437331 1 79
446143 1 79
558345 1 79
458993 1 79
460141 1 79
463179 1 79
474609 1 79
475455 1 79
478313 1 79
492665 1 79
494675 1 79
497165 1 79
500047 1 79
506785 1 79
560835 1 79
510743 1 79
511759 1 79
512739 1 79
513901 1 79
514027 1 79
561045 1 79
515581 1 79
534597 1 79
534751 1 79
536625 1 79
538607 1 79
538619 1 79
540129 1 79
659 1 80
755 1 80
540600 1 80
2473 1 80
3875 1 80
5431 1 80
5677 1 80
5707 1 80
6103 1 80
540754 1 80
6875 1 80
7591 1 80
540840 1 80
13751 1 80
15531 1 80
19579 1 80
19873 1 80
20339 1 80
20383 1 80
20479 1 80
22135 1 80
22331 1 80
24111 1 80
25501 1 80
27839 1 80
28897 1 80
29007 1 80
541803 1 80
34147 1 80
35899 1 80
36631 1 80
38655 1 80
39375 1 80
39435 1 80
40069 1 80
40577 1 80
40925 1 80
41403 1 80
42531 1 80
46415 1 80
47271 1 80
542353 1 80
48543 1 80
50719 1 80
50729 1 80
50875 1 80
50929 1 80
54151 1 80
57113 1 80
58231 1 80
59263 1 80
60315 1 80
61189 1 80
62353 1 80
542940 1 80
65187 1 80
65967 1 80
66659 1 80
68409 1 80
70097 1 80
71613 1 80
72091 1 80
74149 1 80
77811 1 80
81937 1 80
83913 1 80
85483 1 80
85747 1 80
86815 1 80
87041 1 80
87259 1 80
87355 1 80
87995 1 80
88873 1 80
89801 1 80
92373 1 80
97823 1 80
98413 1 80
100163 1 80
100403 1 80
101163 1 80
103129 1 80
103381 1 80
105211 1 80
105811 1 80
106133 1 80
107067 1 80
111587 1 80
112037 1 80
114915 1 80
115847 1 80
115861 1 80
116285 1 80
118639 1 80
122253 1 80
123773 1 80
123891 1 80
125943 1 80
126655 1 80
128139 1 80
130641 1 80
130665 1 80
131175 1 80
131597 1 80
132557 1 80
133115 1 80
134193 1 80
137591 1 80
138345 1 80
139441 1 80
143495 1 80
546303 1 80
144855 1 80
145339 1 80
146239 1 80
147267 1 80
147419 1 80
147515 1 80
149805 1 80
150259 1 80
150473 1 80
150777 1 80
151725 1 80
155737 1 80
156103 1 80
156175 1 80
160069 1 80
161313 1 80
161689 1 80
162831 1 80
163437 1 80
164293 1 80
166089 1 80
167013 1 80
167331 1 80
168499 1 80
170285 1 80
171597 1 80
172113 1 80
173473 1 80
174571 1 80
174685 1 80
174931 1 80
176875 1 80
179083 1 80
182621 1 80
183551 1 80
185197 1 80
185539 1 80
187151 1 80
548088 1 80
188533 1 80
188617 1 80
189049 1 80
189191 1 80
189807 1 80
189851 1 80
190745 1 80
190941 1 80
191019 1 80
191217 1 80
193895 1 80
194901 1 80
195193 1 80
196967 1 80
197325 1 80
198327 1 80
201933 1 80
202351 1 80
204005 1 80
204717 1 80
204861 1 80
204901 1 80
205741 1 80
206547 1 80
206671 1 80
207005 1 80
207131 1 80
207193 1 80
207867 1 80
208559 1 80
208809 1 80
209733 1 80
549006 1 80
211387 1 80
211869 1 80
212147 1 80
215167 1 80
216927 1 80
219293 1 80
220187 1 80
221473 1 80
222109 1 80
223365 1 80
224051 1 80
225405 1 80
225717 1 80
227033 1 80
229147 1 80
232161 1 80
234653 1 80
234735 1 80
234755 1 80
234773 1 80
235761 1 80
236783 1 80
240521 1 80
240897 1 80
240917 1 80
243079 1 80
243089 1 80
243383 1 80
243545 1 80
243549 1 80
245779 1 80
247561 1 80
550602 1 80
251109 1 80
252033 1 80
252175 1 80
252989 1 80
253261 1 80
254083 1 80
255027 1 80
255055 1 80
255517 1 80
258523 1 80
259117 1 80
259167 1 80
259327 1 80
259685 1 80
259871 1 80
262231 1 80
262377 1 80
263119 1 80
263801 1 80
264159 1 80
264353 1 80
264859 1 80
266033 1 80
266185 1 80
266513 1 80
268797 1 80
272297 1 80
273907 1 80
275253 1 80
275575 1 80
275697 1 80
276377 1 80
276681 1 80
277421 1 80
278263 1 80
280321 1 80
280377 1 80
280453 1 80
280647 1 80
281513 1 80
281551 1 80
551760 1 80
282043 1 80
551818 1 80
283249 1 80
551865 1 80
285359 1 80
285595 1 80
289083 1 80
289623 1 80
290969 1 80
291089 1 80
294237 1 80
295607 1 80
297147 1 80
297201 1 80
298067 1 80
298477 1 80
299749 1 80
299893 1 80
300461 1 80
301299 1 80
301933 1 80
302597 1 80
303461 1 80
305015 1 80
306919 1 80
308713 1 80
311931 1 80
552949 1 80
314985 1 80
315479 1 80
316539 1 80
325023 1 80
325405 1 80
326225 1 80
326317 1 80
328125 1 80
331665 1 80
332483 1 80
334837 1 80
334917 1 80
335835 1 80
337159 1 80
340855 1 80
341033 1 80
341137 1 80
344757 1 80
345245 1 80
345471 1 80
346325 1 80
347351 1 80
349069 1 80
349941 1 80
353389 1 80
353849 1 80
353881 1 80
354683 1 80
355901 1 80
356541 1 80
358791 1 80
360291 1 80
361515 1 80
362307 1 80
362369 1 80
363083 1 80
363975 1 80
364085 1 80
370505 1 80
371471 1 80
371991 1 80
372041 1 80
372487 1 80
373799 1 80
374885 1 80
374927 1 80
375021 1 80
376371 1 80
555429 1 80
377401 1 80
377791 1 80
377913 1 80
378609 1 80
380185 1 80
381119 1 80
381325 1 80
382481 1 80
383003 1 80
385091 1 80
387149 1 80
387305 1 80
555876 1 80
388283 1 80
388845 1 80
555960 1 80
389875 1 80
555987 1 80
390977 1 80
391253 1 80
393819 1 80
394903 1 80
396755 1 80
397679 1 80
397973 1 80
398309 1 80
399261 1 80
399477 1 80
399511 1 80
402349 1 80
403219 1 80
404771 1 80
405095 1 80
406461 1 80
407393 1 80
556794 1 80
411839 1 80
412521 1 80
412549 1 80
414681 1 80
415171 1 80
423129 1 80
424677 1 80
425635 1 80
426729 1 80
427933 1 80
428045 1 80
430013 1 80
430355 1 80
432573 1 80
432917 1 80
433135 1 80
433303 1 80
434595 1 80
435567 1 80
435751 1 80
436263 1 80
436819 1 80
437849 1 80
438713 1 80
439875 1 80
441197 1 80
441895 1 80
442153 1 80
442771 1 80
443729 1 80
444479 1 80
444503 1 80
446247 1 80
446527 1 80
446653 1 80
447173 1 80
447495 1 80
449437 1 80
450709 1 80
452361 1 80
453507 1 80
454061 1 80
457687 1 80
457789 1 80
460911 1 80
461967 1 80
462893 1 80
463143 1 80
467085 1 80
467619 1 80
468963 1 80
469001 1 80
470891 1 80
471479 1 80
473065 1 80
473449 1 80
477221 1 80
477387 1 80
478229 1 80
478609 1 80
479357 1 80
480169 1 80
482249 1 80
487021 1 80
488709 1 80
490299 1 80
491691 1 80
492183 1 80
493581 1 80
494823 1 80
495317 1 80
497161 1 80
498055 1 80
498167 1 80
501059 1 80
501653 1 80
501745 1 80
560611 1 80
505491 1 80
506365 1 80
510311 1 80
510549 1 80
511529 1 80
513493 1 80
514897 1 80
515263 1 80
516171 1 80
520625 1 80
520671 1 80
522397 1 80
524979 1 80
525377 1 80
561556 1 80
527203 1 80
528315 1 80
529717 1 80
531237 1 80
531549 1 80
532327 1 80
533087 1 80
561867 1 80
534921 1 80
535229 1 80
535355 1 80
535443 1 80
535477 1 80
536773 1 80
540237 1 80
540245 1 80
540285 1 80
