reading done
729 107
Number of samples: 50
weight 3 2916 1458.0 0.0 104.14295714285714 0.0001 1041429.0
1041429.0
Average 0.0
weight 3 2916 1458.0 164.1 80.7001 54.7001 1.0
1.0
Average 164.1
1.0
running_prior_SNP_LDA 1 0.01
7
running
[    2     2     0 39569     1 36116     3 47269     9     2     0     3
 27793     1   663     6 46416     2     1 27658     2     1     1  9006
 51337     5    10 15080     1 45639    17 29678     1     4     5  8283
     1    10     3 48596     5 18818     0 30787     6     0     5 44336
     0     6 46223     2     2     2 29244     0     2 25168     5     2
 50582     0     0    16 44184     1     2     1 31561     5     1     3
     0 24288 51397     4     2     0 15728     0 50824     6     0  8450
    17     1     1 38278 37012     1     7     3     1     2     1 48359
     6 26914 50794     2     2     6     5 24350    15 42166     7     3
     7 32917     1     5     2     6     5     1 34382     3 40953     0
     3 48701  7390    11     2 19819 44283    10     6     4     0 26994
  3270 44473     0     1     2     5     2 31446 49002     6   402     3
     1     0 25129     0     3 33588     3     6 41885     6     8     4
     8  8935 48725     8 18050 48275     5     4     2     5  7239 19181
     6     5     4     1 29968 45482    14     2     5 49009     0    19
  3098 22354     2     0 39706     1     5 35104     0 44787     3     1
 30211     3     0     3     8 40164     0     2     0     2 35095     5
     0 48196     9     3 19370  7191 47124     0     0     4  3425 24522
     1     1     5     0     6 51815     3 23003 75455     0     2     1
     8     1     1 75309     0     1     0     3     0     0 75685     0
     0     1     4     0     2 74590     0     0     0     3     0     3
     0 75623     0     5     2     3     2     0 75700     0     1    11
     0     2     2 75838     0     3     4     0     1     0 75583     4
     1     3     1     1     4     1 74928     0     0     2     4     3
     0 75291     4     2     1     2     0     0 74570     7     0     5
     1     0     1     1 74765     0     0     0     1     5     1 75364
     3     1     2     5     0     0 75841     1     0     0     1     1
     1 75716     1     0     2     1     3     0     2 75230     0     0
     0     0     5     2 75222     8     1     4     0     0     1 75205
     5     2]
94 7
0.1273829257045909 [ 0.12738293 11.34748718 11.47559884 11.47149165 11.34851353 11.47898813
 11.47304062]
0.47615197899025513 [11.17962423  0.47615198 11.18536742 11.19336417 11.18954774 11.18808873
 11.18666919]
0.12302602439299502 [10.97498977 10.85871152  0.12302602 11.09082824 10.97376452 11.0978348
 11.09852463]
3.9065803335230395e-05 [1.11213092e+01 1.08872162e+01 1.11302278e+01 3.90658033e-05
 1.11226977e+01 1.12456744e+01 1.11250434e+01]
0.12436942066627277 [11.25028064 11.13525075 11.37878298 11.37526981  0.12436942 11.37927601
 11.24987131]
5.3691229443736097e-05 [1.08078148e+01 1.05790915e+01 1.09427361e+01 1.09403289e+01
 1.08161331e+01 5.36912294e-05 1.09287009e+01]
0.11700377551266136 [10.53351966 10.40818242 10.513035   10.63320859 10.63165838 10.62788433
  0.11700378]
90.43241930007935
