reading done
729 107
Number of samples: 50
weight 3 2916 1458.0 0.0 104.14295714285714 0.0001 1041429.0
1041429.0
Average 0.0
weight 3 2916 1458.0 164.1 80.7001 54.7001 1.0
1.0
Average 164.1
1.0
running_prior_SNP_LDA 1 0.01
7
running
[    4     9     0 39937     5 35735     3 47337     0     2     1    12
 27717     8   589     2 46535     1     4 27617     0     0    13  9215
 51393     0     1 14818     2 45351     2 29985     0     4     1  7861
     5     2     4 49057     8 18779     1 30907     7     1     3 44212
     3     5 46104     0     2     3 29359     6     3 25164     0     0
 50583     9     0     2 44159     2     1     7 31593     6     2     4
     0 24609 51071     7     2     0 15490     1 50836     7     0  8674
     4     5     3 38284 37015     6     0     2     2     2     1 48310
    12 26957 51046     1     3     0     0 24116     8 42371     7     1
     1 32726     0     0     1     1     2     8 34098     1 41241     0
     2 48682  7705     0     0 19537 44606     6     0     2     0 26785
  3168 44546     0     7     4     2     2 31368 49356     0   417     2
     4     3 24761     7     0 33421     3     0 42056     4     3     3
     2  8398 49028     1 18303 48263    17    12     5     2  7216 19196
     3     0     1     1 29912 45561     2    13     6 48842     9     1
  3130 22486     3     2 39638     1     2 35168     4 44903    10     0
 30088     3     0     4     4 40203     1     1     0     1 35061     1
     0 47855     3     3 19470  7442 47298     0     5     6  3453 24313
     1     5     1     2     0 51963     6 22856 75456     2     5     3
     0     2     0 75306     0     1     1     4     1     0 75668     2
     1     3     4     7     7 74591     1     0     0     0     4     0
     1 75623     6     0     2     3     0     0 75705     0     1     0
     2     6     8 75834     0     5     0     1     0     1 75589     0
     2     0     0     1     0     2 74922     3     0     6     6     4
     0 75284     3     6     6     0     0     0 74578     2     2     1
     0     0     0     1 74758     1     0     7     0     0     0 75373
     3     1     0     6     0     0 75836     1     2     2     1     0
     1 75719     1     0     0     1     1     2     0 75231     0     1
     3     0     2     2 75228     3     0     0     0     1     5 75207
     0     4]
94 7
0.1273829257045909 [ 0.12738293 11.34813023 11.47791118 11.47405105 11.35092455 11.48071161
 11.47290053]
0.4761801232308249 [11.17932706  0.47618012 11.18848315 11.19230536 11.187378   11.18599735
 11.18393027]
0.12300831856792836 [10.974281   10.8540575   0.12300832 11.09319193 10.9733799  11.09815103
 11.09449354]
5.3771990609430873e-05 [1.11245381e+01 1.08859956e+01 1.11316455e+01 5.37719906e-05
 1.11222243e+01 1.12492074e+01 1.11295656e+01]
0.12436942066627277 [11.25142726 11.13664625 11.37724347 11.37600254  0.12436942 11.37736879
 11.24973288]
7.253832001470212e-05 [1.08046200e+01 1.05828976e+01 1.09319558e+01 1.09365516e+01
 1.08103657e+01 7.25383200e-05 1.09309343e+01]
0.11700377551266136 [10.53075689 10.40779487 10.51770583 10.62895476 10.63927896 10.62448477
  0.11700378]
90.16209769248962
