reading done
729 107
Number of samples: 50
weight 3 2916 1458.0 0.0 104.14295714285714 0.0001 1041429.0
1041429.0
Average 0.0
weight 3 2916 1458.0 164.1 80.7001 54.7001 1.0
1.0
Average 164.1
1.0
running_prior_SNP_LDA 1 0.01
7
running
[    4     3     5 39452     1 36227     1 47589     5     0     2     3
 27477     1   494     0 46598     0     3 27648     5     1     9  9043
 51494     2     6 14885     2 45102     2 30212    18     5     4  7984
     1     4     1 48665     0 19061     0 31390     4     9     0 43730
     1     5 46181     3     2     0 29286     2    13 25007    10     1
 50714     5     9     0 44540     0     4     0 31225     1     1    17
     2 24634 51040     0     1     4 15650     2 50869     0     7  8476
    12     0     4 38347 36943     7     4     7     2     3     0 48360
     1 26913 50952     4     0     1     0 24217     0 42291     1     3
     0 32806     3     2     6     2     3     2 34337     5 40997     0
     8 48675  7653     2     7 19581 44512     0     3     0     7 26779
  3266 44453     9     4    10     3     2 31448 49352     1   359     1
    10    12 24808    12     0 33565     1     5 41908     0     0     8
     1  8581 49028     0 18120 48297     0     2     0     6  7058 19348
     1     0     0     4 29660 45813     2     0    16 48856    10     2
  3226 22377     1     1 39996     1     6 34810     3 44780    14     3
 30205     5     0     1     1 39721     2    16     1     7 35523     4
     2 47976     0     2 19554  7236 47157     2     2     3  3346 24566
     0     3     0     3     5 52061     0 22761 75459     0     5     0
     2     1     1 75303     1     0     4     4     0     1 75685     0
     4     1     0     0     2 74589     1     1     2     0     2     1
     2 75633     0     0     0     0     0     2 75709     0     2     0
     1     0     1 75837     2     1     6     1     0     0 75586     4
     3     0     0     0     1     1 74935     2     0     0     0     3
     0 75288     1     0     7     4     0     1 74576     0     3     3
     0     0     0     0 74764     2     1     0     1     1     0 75374
     1     0     0     1     3     5 75832     3     2     1     2     0
     1 75711     2     3     3     1     1     0     8 75220     4     2
     0     1     0     3 75230     0     4     0     0     2     1 75211
     1     2]
94 7
0.1273947141826962 [ 0.12739471 11.34668789 11.47352671 11.47438604 11.35444964 11.47910003
 11.47446396]
0.47616680506210374 [11.17932122  0.47616681 11.18638104 11.19131687 11.18985113 11.18523516
 11.18825311]
0.12302526812595041 [10.97785936 10.85589379  0.12302527 11.09508844 10.97719117 11.09794021
 11.09233292]
3.9065803335230395e-05 [1.11242639e+01 1.08854676e+01 1.11347816e+01 3.90658033e-05
 1.11234796e+01 1.12498563e+01 1.11268505e+01]
0.12438195747255758 [11.24850666 11.13502036 11.38318496 11.3736329   0.12438196 11.37799232
 11.24772019]
7.340786717433909e-05 [1.08040292e+01 1.05842612e+01 1.09344981e+01 1.09308079e+01
 1.08007335e+01 7.34078672e-05 1.09322399e+01]
0.11703015717172639 [10.53309306 10.41065673 10.5097023  10.63968901 10.63044875 10.62771657
  0.11703016]
89.97236013412476
