reading done
729 107
Number of samples: 50
weight 3 2916 1458.0 0.0 104.14295714285714 0.0001 1041429.0
1041429.0
Average 0.0
weight 3 2916 1458.0 164.1 80.7001 54.7001 1.0
1.0
Average 164.1
1.0
running_prior_SNP_LDA 1 0.01
7
running
[    0    17     1 39411     0 36256     8 47263     8     0     0     1
 27800     5   487    17 46768     0     3 27464     9     2     5  9099
 51018     6     0 15310     0 45596     0 29740     1     8     0  8148
     0     0    22 48483     5 19058     3 30711     9     1     3 44400
     7     1 45718     2     1     1 29756     0     1 24902     1     4
 50851     0     0     4 44300     2     4     0 31457     3     1     0
     0 24309 51374     3     8     4 15198     0 50952    14     2  8838
    10     6     0 38530 36764     6     1     2     4     0     2 48405
     7 26866 51284     3     3     9     2 23873     0 42380     0     1
     7 32713     3     2     6     0     1     8 34210     1 41126    10
     1 48124  7827    10     3 19951 44629     9     3     1     0 26801
  3124 44617     3     8     3     3     4 31291 49165     2   368     0
     4     3 25001     0     5 33981     4     0 41501     0     2     2
     4  8838 48811     4 18077 48381     3     2     3     3  7207 19112
     3     1     4     1 29632 45837     2     8     2 49091     9     3
  3068 22306     2     0 39817     2     6 34989     2 44498     4     2
 30492     3     7     2     0 40053     0     4     5     2 35207     7
     1 47902     4     1 19725  7134 47336     0     1     1  3310 24427
     1     5     3    17    13 51896    15 22884 75459     3     0     1
     0     1     4 75305     2     2     0     0     1     3 75681     1
     2     0     0     2     6 74588     0     3     0     4     1     0
     5 75625     1     1     0     3     0     3 75701     4     0     0
     2     4     6 75825     1     0     6     0    10     1 75576     2
     3     5     6     0     1     1 74934     1     2     0     0     0
     2 75290     1     2     3     5     2     0 74574     1     1     5
     0     5     0     1 74753     2     1     5     0     0     0 75374
     1     1     1     3     0     0 75842     0     1     1     2     2
     1 75713     0     4     0    13     0     0     3 75219     0     1
     1     0     0     0 75235     1     1     0     0     6     0 75211
     0     0]
94 7
0.1273829257045909 [ 0.12738293 11.35000486 11.47547792 11.4738055  11.35240398 11.47998673
 11.47411041]
0.47615197899025513 [11.17581474  0.47615198 11.18478765 11.187393   11.18646392 11.1861195
 11.1835671 ]
0.12300831856792836 [10.97516255 10.85700414  0.12300832 11.09530295 10.97338173 11.09803329
 11.09833957]
3.9065803335230395e-05 [1.11211623e+01 1.08865818e+01 1.11311870e+01 3.90658033e-05
 1.11228836e+01 1.12471907e+01 1.11297906e+01]
0.12436942066627277 [11.25306779 11.13181383 11.3762646  11.37308663  0.12436942 11.37632386
 11.25032145]
5.3691229443736097e-05 [1.08109968e+01 1.05818066e+01 1.09399187e+01 1.09413486e+01
 1.08114546e+01 5.36912294e-05 1.09236602e+01]
0.11703220469752712 [10.52991873 10.40932291 10.52171094 10.63512719 10.63483084 10.63205051
  0.1170322 ]
88.86506628990173
