reading done
729 107
Number of samples: 50
weight 3 2916 1458.0 0.0 104.14295714285714 0.0001 1041429.0
1041429.0
Average 0.0
weight 3 2916 1458.0 164.1 80.7001 54.7001 1.0
1.0
Average 164.1
1.0
running_prior_SNP_LDA 1 0.01
7
running
[    1     8     0 39535     3 36146     0 47381     2     2     0     7
 27680     5   525     2 46992     1     0 27227     1     0     1  9193
 51340     2     5 14899     7 45373     4 29956     2     2     1  7995
     0     0     6 49078     0 18637     2 31016     0     1     6 44108
     1    21 45945     2     7     1 29500     3     9 25094     3     0
 50648     0     5     0 44513     1     7     3 31246     0     0     4
     0 24481 51209     1     0     2 15447     0 50450     6     2  9101
     3     1     2 38384 36926     0     1     0     0     0     0 48772
     3 26511 51065    10    11     5     5 24071     7 42442    17     2
     0 32641     0     4     1     0     7     8 34072     3 41261     0
     0 48464  7836     1     0 19625 44712     1     0     2     3 26916
  2933 44554     7     3     5     4     3 31353 49405     1   352     4
     3     2 24776     0     4 33378    15     0 42089     5     6     1
     0  8468 48956     4 18303 48203     5     2     3     0  7117 19381
     1     3     2     2 29664 45808     0    11     2 48904     0     5
  3117 22448     0     1 39719     0     2 35095     1 44800     0     2
 30199     0     7     0     0 40217     1     1     2     6 35044     1
     6 47976     6     1 19368  7416 47124     3     1     3  3452 24493
     0     2     3     1     0 51993     0 22834 75453    10     0     4
     0     0     1 75295     2     2    13     0     1     0 75677     0
     2     2     1     7     3 74582     0     3     0     1     4     6
    15 75610     4     0     0     4     2     0 75704     2     3     1
     0     4     0 75840     0     1     1     4     2     0 75592     0
     0     0     1     0     0     1 74921     6     2     6     3     1
     2 75289     2     8     0     1     0     0 74580     3     0     0
     0     4     5     0 74750     0     4     4     3     2     1 75364
     0     7     0     0     0     0 75843     0     4     0     0     0
     0 75713     1     5     3     5     1     2     1 75226     0     1
     0     1     0     1 75233     0     3     5     1     0     2 75208
     1     0]
94 7
0.1273829257045909 [ 0.12738293 11.34683475 11.47651029 11.47276023 11.35266613 11.48174376
 11.47517729]
0.47616668211595065 [11.17998919  0.47616668 11.13628567 11.19132931 11.18875573 11.18506654
 11.18676967]
0.12302417935103546 [10.98216387 10.85444427  0.12302418 11.09466015 10.96958949 11.09631442
 11.09579244]
6.824475913921901e-05 [1.11198455e+01 1.08859258e+01 1.11297790e+01 6.82447591e-05
 1.11230174e+01 1.12473026e+01 1.11269585e+01]
0.12436942066627277 [11.25211999 11.13514227 11.38102213 11.3727189   0.12436942 11.38061689
 11.24908683]
5.3691229443736097e-05 [1.08057263e+01 1.05832457e+01 1.09343083e+01 1.09350936e+01
 1.08136884e+01 5.36912294e-05 1.09267966e+01]
0.11700377551266136 [10.52319182 10.41253937 10.51431575 10.64057908 10.63236312 10.62330914
  0.11700378]
91.47751426696777
