reading done
729 107
Number of samples: 50
weight 3 2916 1458.0 0.0 104.14295714285714 0.0001 1041429.0
1041429.0
Average 0.0
weight 3 2916 1458.0 164.1 80.7001 54.7001 1.0
1.0
Average 164.1
1.0
running_prior_SNP_LDA 1 0.01
7
running
[    3     4     4 39349     2 36331     0 47503     7     1     1     0
 27562     3   567     1 46445    14     1 27719     1     1     2  8973
 51556    16     1 14891     6 44826     0 30509     0     1     3  8109
     0     1     0 48619     2 18985     0 31214     3     3     8 43905
     1     0 46310     8     3     2 29151     5     0 24974     7     0
 50777     1     0     4 44264    11     0     0 31488     3     5     1
     7 24739 50940     1     2     4 15582     4 50775     0     0  8643
     1     0    13 38636 36662     4     1     1     0     5     2 48298
     2 26978 50847     4     1     1     4 24310     7 42411     1     1
    24 32666     3     0     9     1     0     2 34326     0 41014     1
     2 48617  7801    10     4 19491 44216     0     1     2     3 27404
  2941 44491     7    12     0    11    22 31386 49357     3   338     4
     5     0 24836     1     0 33673     0     1 41815     1     4     0
     5  8881 48804     3 18041 48681     4     1     1     0  7103 18921
     1     1     0     2 29632 45833    11     9     0 49096     0     6
  3123 22253     2     7 39946     2     2 34858     1 44930     0     2
 30063     1    12     0     3 39997     1     4     3     0 35263     6
     0 48128     0     4 19378  7258 47046     4     3     5  3455 24560
     3     9     4     3     0 52034     0 22783 75461     2     1     2
     1     1     0 75302     0     5     1     0     1     4 75677     0
     8     5     1     0     1 74585     1     4     2     1     2     1
     0 75615     7     0    11     2     0     2 75699     1     4     4
     1     3     3 75830     1     2     2     4     6     2 75589     0
     1     1     0     0     1     2 74932     0     1     1     2     0
     2 75293     0     0     1     7     1     0 74574     1     0     2
     5     1     0     7 74751     0     3     5     0     2     0 75372
     1     2     0     0     0     1 75842     2     0     2     0     0
     3 75718     0     0     1     0     1     5     7 75220     0     3
     3     0     1     3 75226     5     0     1     2     2     2 75209
     1     0]
94 7
0.1273829257045909 [ 0.12738293 11.34755746 11.47658224 11.47275965 11.35205853 11.48216583
 11.47428467]
0.47615197899025513 [11.17430257  0.47615198 11.18814042 11.19180352 11.18912247 11.18288784
 11.18720833]
0.12307492954142657 [10.97834544 10.85551637  0.12307493 11.09439756 10.97781512 11.09804394
 11.09411763]
5.38897123450525e-05 [1.11275613e+01 1.08887563e+01 1.11343587e+01 5.38897123e-05
 1.11230775e+01 1.12512277e+01 1.11319612e+01]
0.12436942066627277 [11.2507581  11.13217302 11.37697374 11.37238626  0.12436942 11.37767237
 11.24628656]
5.3691229443736097e-05 [1.08102408e+01 1.05871543e+01 1.09345198e+01 1.09407792e+01
 1.08091904e+01 5.36912294e-05 1.09273807e+01]
0.11703311554981903 [10.52186135 10.40541405 10.51285967 10.6328063  10.62621301 10.62192049
  0.11703312]
89.82318067550659
