reading done
729 107
Number of samples: 50
weight 3 2916 1458.0 0.0 104.14295714285714 0.0001 1041429.0
1041429.0
Average 0.0
weight 3 2916 1458.0 164.1 80.7001 54.7001 1.0
1.0
Average 164.1
1.0
running_prior_SNP_LDA 1 0.01
7
running
[    1     0    10 39788     0 35892     2 47471     3     3     2     2
 27589     7   496     7 46724     5     4 27502    10     5     4  8849
 51516     2     0 15064     1 45287     2 30042     1     5     7  8139
     0     4     3 48787    10 18773     0 31194     6     3     0 43931
     0     3 46085     2     0     2 29382     5     6 25037     5     6
 50697     2     6     0 44450     3     7     1 31308     1    13    19
     3 24182 51470     3     5     8 15586     1 50856     0     8  8549
     3     0     1 38494 36816     0     3     2     0     1     4 48665
     1 26613 51085     1     0     7     0 24081     0 42600    11     0
     1 32486     5     3    13     4     0    12 34300     3 41020     1
     1 48550  7483     0     2 19889 44559     3     2    11    15 26882
  3095 44488     0     1     2     2     3 31433 49515     0   339     8
     2     0 24679     2     0 33964    11     7 41505     2     8     0
     1  8757 48829     1 18142 48715     1     3     4     4  7012 18972
     2     4     4     5 29742 45722     1     9     3 49275     1     2
  3145 22052     4     4 39970     3     5 34832     0 44908     4     4
 30080     0     6     6     5 40162     5     4     1     2 35092     3
    19 48268     6     8 19225  7245 47299     1     1     4  3477 24292
     2     0     0     2     1 52210     4 22616 75457     0     0     4
     2     4     1 75291    11     6     0     2     1     2 75677     2
     1     2     1     8     1 74577     1     0     0     1     2    15
     1 75629     4     1     0     0     0     0 75707     1     0     4
     2     0     4 75837     2     0     1     1     3     0 75580     0
     3    10     0     0     7     0 74929     0     0     2     1     0
     2 75295     1     0     3     2     3     0 74572     0     0     4
     4     4     1     0 74760     1     0     1     0     0     0 75377
     0     0     0     0     2     0 75834     0     4     7     4     0
     1 75709     4     2     2     0     1     1     0 75228     4     2
     6     3     1     1 75219     1     7     0     3     9     0 75205
     0     0]
94 7
0.1273829257045909 [ 0.12738293 11.35063418 11.47918938 11.47711711 11.35349285 11.48037558
 11.47452802]
0.47615197899025513 [11.18197309  0.47615198 11.18788849 11.19404786 11.18691749 11.1856304
 11.1849743 ]
0.12300831856792836 [10.97824298 10.85827663  0.12300832 11.09552564 10.98156846 11.09801836
 11.09826507]
3.9065803335230395e-05 [1.11226641e+01 1.08880617e+01 1.11317257e+01 3.90658033e-05
 1.11206858e+01 1.12472227e+01 1.11313630e+01]
0.12436942066627277 [11.25254333 11.13394908 11.38294038 11.37320211  0.12436942 11.38052048
 11.24895042]
5.3691229443736097e-05 [1.08001762e+01 1.05772513e+01 1.09323371e+01 1.09306433e+01
 1.08074778e+01 5.36912294e-05 1.09212613e+01]
0.11700377551266136 [10.52733924 10.40502158 10.50340327 10.62872237 10.62743737 10.6241697
  0.11700378]
80.57641339302063
