reading done
729 107
Number of samples: 50
weight 3 2916 1458.0 0.0 104.14295714285714 0.0001 1041429.0
1041429.0
Average 0.0
weight 3 2916 1458.0 164.1 80.7001 54.7001 1.0
1.0
Average 164.1
1.0
running_prior_SNP_LDA 1 0.01
7
running
[   13     7     8 39691     0 35973     1 47594     6     0     4    12
 27458     3   570     1 46516     4     0 27653     4     8     3  9082
 51294     1     2 15050     7 45373     4 29950     1     9     1  8094
     0     1     4 49169     1 18447     5 31251     8     2     1 43861
     6     2 46155     5     8     2 29307     0     0 25068     1     0
 50680     0    10     2 44369     2     4     1 31392     0     1     1
     1 24241 51441     7     3     1 15560     2 50680     0     0  8765
     0     0     1 37999 37310     2     5    11     1    11     3 48276
    10 26974 50866     0     0     3    10 24295     0 42427     0    11
     1 32667     0     0     5     1     0     4 33937     2 41403     2
    13 48411  7820     0     1 19679 44467     1     4     2     1 27084
  3008 44775     0     3     0     0     1 31150 49312     1   325     1
     3     0 24901     4     2 33877     1    18 41589     0     8     0
     5  8795 49043     0 17887 48296     0     1     7    12  7123 19272
     1     0     0     9 29532 45924    14     1     0 49012     7     0
  3096 22371     0     2 39660     1     6 35148     1 44668     2     0
 30324     8     2     4     1 40086     2     3     5     4 35170     4
     1 47821    10     1 19561  7376 47430     0     3     0  3409 24228
     6     4     3     0     2 51884     5 22935 75456     3     1     1
     0     2     5 75301     3     0     6     0     2     1 75668     1
     0     9     8     4     2 74575     0     1     5     4     0    11
     1 75623     9     0     1     0     1     4 75704     0     2     3
     1     0     3 75834     0     0     4     4     3     3 75586     1
     2     1     0     0     2     0 74933     1     0     0     3     3
     5 75290     1     0     1     3     2     2 74576     1     0     2
     0     0     1     0 74756     4     3     3     5     0    14 75357
     1     0     0     0     6     2 75836     0     3     0     2     1
     0 75714     4     0     1     0     1     2     4 75224     2     3
     0     2     7     0 75223     4     2     1     0     4     2 75204
     1     5]
94 7
0.1273829257045909 [ 0.12738293 11.34949396 11.47604386 11.47493236 11.35267499 11.48164448
 11.47484085]
0.47615197899025513 [11.17965451  0.47615198 11.18809046 11.19364321 11.19084525 11.18455966
 11.18594216]
0.1230248396866101 [10.97749517 10.85595991  0.12302484 11.09148628 10.971101   11.09853322
 11.09499197]
3.9065803335230395e-05 [1.11217308e+01 1.08878193e+01 1.11304502e+01 3.90658033e-05
 1.11223892e+01 1.12462006e+01 1.11273956e+01]
0.12436942066627277 [11.25298112 11.1338014  11.37774526 11.37537432  0.12436942 11.37969421
 11.25077889]
5.3691229443736097e-05 [1.08078961e+01 1.05822466e+01 1.09351712e+01 1.09375324e+01
 1.08047767e+01 5.36912294e-05 1.09259872e+01]
0.11700377551266136 [10.52267076 10.4056913  10.51954027 10.62736228 10.63931695 10.62511799
  0.11700378]
89.64890837669373
