reading done
729 107
Number of samples: 50
weight 3 2916 1458.0 0.0 104.14295714285714 0.0001 1041429.0
1041429.0
Average 0.0
weight 3 2916 1458.0 164.1 80.7001 54.7001 1.0
1.0
Average 164.1
1.0
running_prior_SNP_LDA 1 0.01
7
running
[    2     0     2 39590     0 36099     0 47369     7    10     0     0
 27672    19   630     0 46348     7    11 27752     0     4     8  8976
 51370     1     6 15075     1 44930     3 30392     9     6     4  8031
     6     3     4 48756     1 18915     0 31216     3     0     8 43902
     5     8 46077     0     4     4 29385     1     5 25018     0     6
 50727     0     3     3 44193    11     1     5 31554     3     7     5
     0 24369 51311     0     3     0 15682     9 50746    10     8  8553
     0     5     1 38205 37105     0     1     2     6     0     1 48591
     1 26685 50998     4     4     7     0 24155     6 42474     2     0
     2 32624     0     4     0     0     4     0 34099     3 41246     5
     7 48337  7752    10     5 19810 44336     3     3     1     2 27140
  3082 44639    12     4     3     1    10 31260 49487    21   336     7
     6     9 24677     0     1 33625     0     4 41855     6     0     3
     9  8738 48761     1 18226 48410     3     0     1     2  7239 19056
     1     3     5     1 29298 46167     5     4     3 48594     7     0
  3219 22660     0    14 39625     4     1 35168     6 44506     0     1
 30497     0     1     3     0 40183     7     0    11     0 35070     4
     1 48048     0     5 19574  7142 47297     8     1     2  3258 24494
    16     1     8     0     2 52126     0 22696 75455     2     3     0
     3     4     1 75301     6     0     3     0     0     3 75677     0
     2     1     5     4     3 74589     0     0     4     1     2     0
     2 75629     3     0     0     1     0     1 75709     0     2     0
     1     1     4 75839     0     1     0     4     0     9 75578     0
     3     3     0     0     1     2 74925     7     0     3     1     4
     3 75286     1     5     4     0     1     2 74577     0     2     1
     0     3     0     0 74755     2     1     6     1     5     3 75362
     2     2     2     3     2     0 75840     1     1     0     0     0
     0 75713     2     0     7     0     0     6     0 75229     0     1
     0     0     1     2 75231     0     4     1     0     3     0 75205
     3     5]
94 7
0.1273829257045909 [ 0.12738293 11.34664097 11.47705342 11.47524376 11.35139947 11.48284529
 11.47264168]
0.47615197899025513 [11.17875943  0.47615198 11.1849695  11.1928039  11.1867613  11.18504344
 11.18688775]
0.12300831856792836 [10.97140157 10.85210126  0.12300832 11.0926424  10.97085047 11.09247913
 11.0965111 ]
3.9065803335230395e-05 [1.11255529e+01 1.08896380e+01 1.11305752e+01 3.90658033e-05
 1.11215938e+01 1.12456688e+01 1.11333203e+01]
0.1243956932366238 [11.25095025 11.13163223 11.38001743 11.37225326  0.12439569 11.38170505
 11.24645566]
9.442477088568801e-05 [1.08160914e+01 1.05860749e+01 1.09383162e+01 1.09399096e+01
 1.08186931e+01 9.44247709e-05 1.09254994e+01]
0.11706070762108844 [10.52074265 10.41345    10.51313119 10.62993326 10.63268411 10.62708996
  0.11706071]
89.84094595909119
