reading done
729 107
Number of samples: 50
weight 3 2916 1458.0 0.0 208.28581428571428 0.0001 2082858.0
2082858.0
Average 0.0
weight 3 2916 1458.0 164.1 184.84295714285716 54.7001 3.0
3.0
Average 164.1
running_prior_SNP_LDA 1 0.01
7
running
94 7
0.12739445725710394 [ 0.12739446 11.35305834 11.47637349 11.4766116  11.35156313 11.48164369
 11.47348377]
0.47615197899025513 [11.17728405  0.47615198 11.1874127  11.19301494 11.18743338 11.18866289
 11.18426232]
0.12300831856792836 [10.97888673 10.85205514  0.12300832 11.09220958 10.97639686 11.0979864
 11.09534752]
3.9065803335230395e-05 [1.11241441e+01 1.08869335e+01 1.11327086e+01 3.90658033e-05
 1.11229224e+01 1.12453000e+01 1.11297908e+01]
0.12436942066627277 [11.25302475 11.13294324 11.37869231 11.37524939  0.12436942 11.38128361
 11.25017474]
5.3691229443736097e-05 [1.08066745e+01 1.05798622e+01 1.09378108e+01 1.09358448e+01
 1.08068085e+01 5.36912294e-05 1.09282011e+01]
0.11703121101647382 [10.52188182 10.40948491 10.50993432 10.6259576  10.63659359 10.61730337
  0.11703121]
87.18161654472351
running_prior_SNP_LDA 1 0.01
7
running
94 7
1.4951784771100736 [1.49570772 2.04746868 1.95781724 1.49517848 1.79429467 1.66061353
 2.77910571]
1.335634578819217 [1.68194994 1.33563458 2.09528112 1.54206038 1.56526139 1.67829395
 2.66991868]
1.4786686711946342 [1.80364085 1.91259475 1.47866867 1.51283332 1.50915436 1.6556312
 2.72935193]
1.3708910904408593 [1.79510127 2.17456066 1.96185295 1.37089109 1.62914234 1.62046957
 2.40171726]
1.3558269026109242 [1.79406469 1.97371293 1.9473019  1.53640176 1.3558269  1.63355908
 2.37275589]
1.355487863659249 [1.68767477 1.87597017 1.81034676 1.52756044 1.56864491 1.35548786
 2.55308982]
1.3870320435890064 [1.80794086 1.79284941 2.23294716 1.6685119  1.50465847 1.66110343
 1.38703204]
91.44536757469177
running_prior_SNP_LDA 1 0.01
7
running
94 7
1.536199661550351 [1.63080732 1.76733287 1.95954234 1.53619966 1.63895345 1.66415575
 2.33170455]
1.3273031629792273 [1.64721543 1.32730316 1.96415651 1.66851196 1.66523334 1.67685254
 2.40364852]
1.478668675307961 [1.65115648 1.743827   1.47866868 1.53129805 1.65037188 1.64591735
 2.25008149]
1.3708910904408593 [1.6180549  1.73196337 1.97447879 1.37089109 1.76940096 1.61276581
 2.27096117]
1.3558269026109242 [1.64620706 1.76795556 2.10061988 1.51824425 1.3558269  1.64250555
 2.23387872]
1.355487863659249 [1.65663952 1.77047792 1.98135148 1.66851199 1.79499396 1.35548786
 2.32817073]
1.249196561711411 [1.65378085 1.79920913 2.10629016 1.66851202 1.79647688 1.66428065
 1.24919656]
