reading done
729 107
Number of samples: 50
weight 3 2916 1458.0 0.0 104.14295714285714 0.0001 1041429.0
1041429.0
Average 0.0
weight 3 2916 1458.0 164.1 80.7001 54.7001 1.0
1.0
Average 164.1
1.0
running_prior_SNP_LDA 1 0.01
7
running
[   13     3     2 39377     8 36289     1 47263     0     1     0     7
 27804     2   609     0 46583     1     6 27545     4     5     8  8790
 51403    18     3 15213     3 45585     5 29750     0     0     2  8395
     1     8     7 48374     1 18930     1 31009     9     3     1 44110
     1     5 46086     5     7     3 29371     2     0 25129     1     5
 50622     2     0     1 44117     2     2     3 31642     3     9     7
    13 24394 51270     2     0     1 15482     0 50884     6     0  8635
     2    12     5 38505 36773    11     9     0     5     6     5 48427
     1 26842 51068    17    12     7    10 24056     4 42611     1     3
     7 32479     5     0     1     2     0     2 34433     0 40914     6
    12 48557  7535    12     1 19803 44612     0    18     3     2 26764
  3168 44358    10     7     1     7     1 31545 49150     1   320     2
     2     0 25068     1     1 33648     0     3 41837     1     1     2
     1  8513 49070     4 18147 48183    10     2     1     4  7209 19302
     2     2     9     4 29690 45773     0     3     1 49146     0     6
  3088 22243     8     3 39608     3     5 35189     2 44594     6     1
 30396     4     7     0     0 40054     1     1     1    10 35204     2
     5 47818     2    13 19517  7417 47181     3     1     1  3290 24600
     0     1    10     7     1 52201     5 22608 75462     0     0     4
     2     0     0 75303     3     0     1     1     5     0 75685     3
     2     1     0     1     0 74587     2     0     3     1     0     3
     0 75621     3     2     9     0     0     3 75702     0     3     6
     0     0     3 75839     0     4     0     0     2     0 75580     2
     3     0     7     1     0     3 74930     1     3     1     1     1
     0 75299     1     0     0     2     0     0 74581     0     1     0
     1     4     0     2 74758     2     1     0     3     0     2 75371
     0     1     0     2     1     1 75834     3     3     3     2     4
     2 75710     0     1     3     0     2     0     0 75230     3     1
     0     2     0     7 75228     1     0     8     4     4     2 75198
     0     1]
94 7
0.1273829257045909 [ 0.12738293 11.34725574 11.47640594 11.47186081 11.35171401 11.48274623
 11.47501393]
0.47615197899025513 [11.17607871  0.47615198 11.18985313 11.19336038 11.185509   11.18692065
 11.18715028]
0.12300831856792836 [10.97371225 10.85474808  0.12300832 11.09248273 10.97408666 11.09607224
 11.09587721]
3.9065803335230395e-05 [1.11224641e+01 1.08872640e+01 1.11299542e+01 3.90658033e-05
 1.11207628e+01 1.12463718e+01 1.11285759e+01]
0.12436942066627277 [11.25054491 11.1342981  11.38275584 11.37216442  0.12436942 11.37717088
 11.24594985]
7.566993485594561e-05 [1.08152489e+01 1.05824206e+01 1.09338397e+01 1.09374411e+01
 1.08133611e+01 7.56699349e-05 1.09289581e+01]
0.11705530890339369 [10.52913645 10.41148948 10.50706376 10.63994884 10.63802326 10.62713672
  0.11705531]
104.95264601707458
