reading done
729 107
Number of samples: 50
weight 3 2916 1458.0 0.0 104.14295714285714 0.0001 1041429.0
1041429.0
Average 0.0
weight 3 2916 1458.0 164.1 80.7001 54.7001 1.0
1.0
Average 164.1
1.0
running_prior_SNP_LDA 1 0.01
7
running
[    6     9     2 39744     0 35932     0 47478     2     5     1     0
 27591     0   590     2 46580     5     0 27569     2     0     4  9202
 51308     1     1 14924     5 45370     0 29961     4     1     4  8154
     0     2     0 48983     1 18576     1 31145     1     3     0 43983
     1     7 46251     0     1     2 29215     3    17 24924     2    10
 50797     2     7     5 44255     4     2     5 31499     0     4     0
     8 24472 51209     1     1     0 15073     0 50774     4     9  9148
     0     0     5 38423 36880     1     8     2     1     0     4 48459
     5 26815 50979     0     2     6     1 24184     2 42490     6     2
     1 32605     2     0     1     2     2     2 34338     6 41001     4
     3 48536  7486     4     0 19893 44710     3     7     0     6 26821
  3020 44663     0     4     4     9     3 31246 48825     4   385     2
     3     6 25318     8     1 33616     3     0 41862     1     0     4
     3  8870 48864     1 17996 48503     4     0     5     6  7152 19041
     5     0     0     1 29788 45686     0     0     0 48858     5     6
  3291 22327     0    10 39716     3     3 35086     0 44466    17     1
 30516     2     0     6     1 39811     8     6     0     0 35445     0
     1 47982     8     0 19593  7190 47339     6     0     1  3281 24441
     8     0     2     0     1 51820     5 23005 75448     2     7     1
     0     4     6 75309     0     2     0     1     1     0 75682     6
     0     0     0     4     0 74590     0     2     0     2     2     0
     0 75623     3     6     0     0     3     2 75706     0     2     0
     0     4     0 75845     1     1     0     1     0     3 75581     2
     2     2     2     1     4     0 74935     0     0     0     0     0
     7 75285     0     4     5     2     3     0 74570     2     3     4
     1     0     7     2 74756     0     2     0     1     3     3 75366
     0     0     4     1     0     1 75843     1     0     1     1     2
     5 75711     0     1     2     2     6     0     2 75223     2     1
     8     2     0     0 75220     8     0     1     0     3     6 75196
     6     5]
94 7
0.1273829257045909 [ 0.12738293 11.34551576 11.48000144 11.47420796 11.35053224 11.48063319
 11.4748451 ]
0.47615197899025513 [11.17790697  0.47615198 11.1850858  11.18869412 11.18395062 11.18461516
 11.18739725]
0.12302616659938057 [10.97312597 10.85509106  0.12302617 11.09398572 10.97545207 11.0989662
 11.09648833]
3.9065803335230395e-05 [1.11225230e+01 1.08890877e+01 1.11329143e+01 3.90658033e-05
 1.11230491e+01 1.12444796e+01 1.11328307e+01]
0.12436942066627277 [11.25114701 11.13442429 11.37905942 11.37519056  0.12436942 11.38018858
 11.24682186]
5.3691229443736097e-05 [1.08114964e+01 1.05847862e+01 1.09297150e+01 1.09376377e+01
 1.08107035e+01 5.36912294e-05 1.09209834e+01]
0.11700377551266136 [10.53084996 10.40879424 10.51494579 10.63394962 10.64105746 10.62833767
  0.11700378]
89.42322015762329
