reading done
729 107
Number of samples: 50
weight 3 2916 1458.0 0.0 104.14295714285714 0.0001 1041429.0
1041429.0
Average 0.0
weight 3 2916 1458.0 164.1 80.7001 54.7001 1.0
1.0
Average 164.1
1.0
running_prior_SNP_LDA 1 0.01
7
running
[    2     5     1 39754     1 35925     5 47194     1     2     0     9
 27870     1   538     2 46673     6     0 27524     5     3     0  8781
 51543     0     7 15106     1 45408     1 29924     3     4     4  8288
     6     4     0 49030     9 18379     0 31073     3     3     1 44048
     6     4 46139     4     6     1 29325     0     6 24860     1     0
 50882     9     1     1 44229     1     2     2 31526     9     8    15
     2 24787 50865    10     8     0 15250     3 50973     1     0  8781
     2     5     7 38025 37275     3     0     9     4     2     1 48597
     1 26672 50773     1     3     1     0 24394     2 42328     4     0
     3 32752     1    18     1     5     8     4 34126     0 41208     7
     7 48182  7692     1     1 20036 44786     2     3     9     4 26740
  3023 44638     3     2     5     3     9 31269 48989     4   310     5
     0     0 25235     3     4 33387     3     2 42092     0     5     2
     0  8976 48714     1 18040 48279     9     4     3     5  7334 19077
     8     7     2     7 29879 45572     5    12     6 49333     0     2
  3106 22028     0     6 39631    17     0 35163     1 44923     1     5
 30058     3     3    15     0 39906     2     0    11     0 35352     3
     2 47902     1     2 19407  7457 47198     5     1     5  3551 24310
     6     0     6    10     1 51683     4 23129 75454     0     0     7
     3     3     1 75288     9     4     3     2     7     0 75680     0
     0     1    10     1     0 74570     3    10     6     1     2     4
     3 75623     0     3     4     2     0     0 75707     3     0     4
     0     0     0 75839     2     0     2     2     3     1 75586     0
     4     1     1     0     1     1 74934     0     0     2     1     1
     7 75285     0     0     3     7     0     1 74578     1     1     2
     0     0     0     0 74755     8     4     0     1     2     1 75371
     0     2     0     2     1     2 75836     0     6     0     0     0
     1 75713     0     6     2     0     0     0     0 75233     3     0
     4     0     1     2 75231     0     0     3     0     1     2 75206
     0     5]
94 7
0.1273829257045909 [ 0.12738293 11.35051181 11.47590054 11.47024437 11.35028418 11.48085198
 11.47434326]
0.47615197899025513 [11.17679955  0.47615198 11.18567235 11.1894818  11.18656315 11.18763116
 11.18458623]
0.12300831856792836 [10.97529734 10.85410924  0.12300832 11.09263795 10.96664155 11.09829813
 11.09357649]
3.9065803335230395e-05 [1.11228199e+01 1.08883294e+01 1.11346005e+01 3.90658033e-05
 1.11246885e+01 1.12451797e+01 1.11322605e+01]
0.12436942066627277 [11.25212508 11.13554874 11.37580371 11.37813945  0.12436942 11.37874553
 11.24965442]
5.3691229443736097e-05 [1.08083558e+01 1.05798681e+01 1.09361504e+01 1.09413345e+01
 1.08150174e+01 5.36912294e-05 1.09248702e+01]
0.11702924016462042 [10.52992228 10.40407272 10.51893274 10.63218703 10.6421534  10.62598299
  0.11702924]
89.9750587940216
