reading done
729 107
Number of samples: 50
weight 3 2916 729.0 0.0 104.14295714285714 0.0001 1041429.0
1041429.0
Average 0.0
weight 3 2916 729.0 111.98 88.14581428571428 37.32676666666667 2.0
2.0
Average 111.98
2.0
running_prior_SNP_LDA 1 0.01
7
running
[    0     3     8 51699     4 24367     8 59771     0     2     5     1
 17603     0   844     0 58912     0     2 17352     1     1     2 12133
 61350     5     1  7291     6 50815     0 33652     2     0     5 11212
     7     1     8 59417     4  9654    10 42815     0     4     4 30847
     1     2 58922     0     0     2 18701     5     2 28393     0     1
 56650     1     2     3 56921     5     4     5 20599     7     0     2
     0 27210 57567     0     6     1 19044     5 59172     6     3  3650
     3     1     0 42750 41492     3     1     3     0     2     1 61039
     3 16885 63225     5     9     1     0 15138     0 47318     0     1
     2 36654     1    12     1     1     7     2 46434     4 28031     0
     0 59050 10782     3     0 10444 56951     5     1     2    12 17685
  1645 57077     2    17     0     6    11 20349 60862     7   649     2
     8     0 16013     0     8 45549     7     5 28940     7     0     6
     2 11703 59315     3  9402 61195     3     7     0     7  4307 11807
     2     4    14     2 41224 32332     7     1     4 61072     1     2
  1836 14341     5     5 52037     4     3 23318     0 50098     1     0
 33748     2     0     1     0 52833     0     2    12     1 23084     1
     0 60457     2     4 12305  4485 58914     3     5     7  5224 13933
     8     1     4     7     6 64058     3 14218 84566     0     0     2
     2     0     0 84146     2     0     0     1     3     0 84679     0
     2     0     0     0     0 83428     1     0     0     1     0     0
     1 84957     1     3     3     0     0     0 85161     3     6     2
     0     1     0 85210     4     0     3     3     0     1 84890     6
     0     5     1     0     0     0 83865     3     0     4     1     4
     0 84183     0     0     0     3     1     0 83577     0     5     0
     1     0     1     2 83643     0     0     0     0     2     1 84219
     1     3     0     8     1     3 84975     0     0     1     0     2
     0 84742     0     2     0     0     3     1     0 84152     0     4
     1     0     3     0 84385     0     1     0     1     0     2 84173
     1     1]
94 7
0.12739530522222856 [ 0.12739531 11.44423732 11.57479237 11.57324509 11.45494522 11.52270911
 11.53268592]
0.4761671216151143 [11.2616857   0.47616712 11.27346285 11.28315962 11.27255058 11.2128342
 11.25258595]
0.1230250890470247 [11.09813674 10.97783004  0.12302509 11.22454147 11.09412667 10.81453777
 11.18241837]
3.9065803335230395e-05 [1.11663073e+01 1.09285227e+01 1.11841319e+01 3.90658033e-05
 1.11711633e+01 1.12706298e+01 1.10916769e+01]
0.12438208753143837 [11.3458225  11.22121531 11.46748234 11.46729182  0.12438209 11.44899546
 11.26504597]
7.688454609525866e-05 [1.05262120e+01 1.02820424e+01 1.06540165e+01 1.05470507e+01
 1.04406025e+01 7.68845461e-05 1.04882766e+01]
0.11700377945371866 [10.15090493  9.96075305 10.0653415  10.12409091 10.29798562 10.09212372
  0.11700378]
42.03118443489075
