reading done
729 107
Number of samples: 50
weight 3 2916 729.0 0.0 104.14295714285714 0.0001 1041429.0
1041429.0
Average 0.0
weight 3 2916 729.0 111.98 88.14581428571428 37.32676666666667 2.0
2.0
Average 111.98
2.0
running_prior_SNP_LDA 1 0.01
7
running
[    1     7     0 51991     1     5 24084 59649     0     2     0     0
     3 17728   876     0 58841     0    10     2 17382     0     5 12215
 60968     2  7589     4     0 50888     0 33582    10     0     0 11451
     5     0     3 59216  9625     3     5 43063     5     4     3     1
 30600     1 58742     9     2     0     2 18876     5 28459     2     1
 56572    10     0     3 56864     0     5     6     0 20666     0     1
     1 27291 57490     0     2     3 19017     1 59100     0  3754     6
     5     4     1 42744 41496     0     0     4     5     0     3 60886
 17028     7 63295     1     4     3     5    22 15048 47513     0     0
     0 36473     0     2     1     1     1     0 46282 28192     3    11
     1 59373 10662     1 10230     1 57022     4     5     6     7  1928
 17329 56844     3     2    11     2 20600     0 61212     1   531     5
     3 15786     3     3     0 45563     5     0     1 28944     0     0
    10 11719 59444  9249     9 60727     5     6     1     7 12257  4323
     3     3     5     0 41419     4 32151     1     8 61054     1     7
 14407  1779     0     8 52147     2     0     4 23211 50179     1     2
 33655     0     4     9     4 52748     1     4     1 23171     3     6
     3 60611     7     2  4427 12198 58850     0     0     1  5234     3
 14006     3     1     3     7 64124 14159     0 84559     2     2     0
     6     1     0 84145     0     0     5     0     2     0 84678     0
     0     0     1     0     2 83408     3     3     4     7     3     2
     1 84954     4     0     0     3     3     0 85165     0     1     1
     4     2     3 85209     1     0     0     6     1     1 84896     2
     0     4     0     0     2     0 83867     1     0     0     3     1
     4 84181     0     1     1     2     2     1 83577     1     0     0
     3     0     2     0 83639     1     1     3     1     2     3 84212
     7     1     0     0     0     1 84981     4     1     1     2     0
     4 84739     0     1     0     0     1     2     0 84154     1     2
     1     2     4     0 84383     0     0     3     0     2     0 84169
     2     2]
94 7
0.1273829257045909 [ 0.12738293 11.44312427 11.57179127 11.57449377 11.45475726 11.42407299
 11.53424911]
0.47616668211595065 [11.26726415  0.47616668 11.27310364 11.28335987 11.27230867 11.21279513
 11.24971494]
0.12302521657147596 [11.0982976  10.97750642  0.12302522 11.2242855  11.0958277  10.8914163
 11.13236499]
5.2859174909626425e-05 [1.11660410e+01 1.09268884e+01 1.11838769e+01 5.28591749e-05
 1.11726090e+01 1.12693366e+01 1.10955789e+01]
0.12438197179150248 [11.34466678 11.22205237 11.46313253 11.46411595  0.12438197 11.44440353
 11.26931555]
0.11700377923144799 [10.16320553  9.9656347  10.08732136 10.12999402 10.30503657 10.03803203
  0.11700378]
5.3706848365030783e-05 [1.05100711e+01 1.02833080e+01 1.06579415e+01 1.05481042e+01
 1.04290340e+01 5.37068484e-05 1.04860953e+01]
42.47448205947876
