reading done
729 107
Number of samples: 50
weight 3 2916 729.0 0.0 104.14295714285714 0.0001 1041429.0
1041429.0
Average 0.0
weight 3 2916 729.0 111.98 88.14581428571428 37.32676666666667 2.0
2.0
Average 111.98
2.0
running_prior_SNP_LDA 1 0.01
7
running
[    4     8     1 51928     3 24135    10 59940     3     4     5     5
 17420     5   954     1 58563     6     8 17573     6     4     1 12087
 61435     3     1  7252     0 51069     0 33407     0     2     2 11176
     0     6     2 59539     2  9578     0 43064    15     5     4 30592
     1     3 58462     6     1     8 19152     0     3 28034     2     0
 57005     4     1     3 56673     0     3     6 20851     8     1     4
     2 27340 57436     2     0     3 18989     0 59174     2     2  3711
     5     1     0 42746 41494     3     1     0     4     3     0 60851
     2 17073 63194     6     6     2     3 15167     0 47704     3     1
     3 36270     6     1     0     1     4     0 46295     1 28179     4
    15 59274 10612     3     2 10369 56947     0    11     4     1 17492
  1846 56972     4     1     6     2     1 20476 61061     4   605     4
    19     8 15840     6     1 45844     1     0 28656     8     6     1
     0 11773 59367    11  9273 60767    11     1     8     1  4355 12183
     2     4     2     1 41436 32136     4     2    20 61340     5     7
  1781 14102     1    10 51761     1     1 23598     0 49679     1     3
 34167     0     0     0     3 52705     0     0     0     4 23220     8
     0 60672     0     7 12059  4508 58672     1     1     1  5242 14173
     4     2     0     4     0 63975     0 14316 84561     0     1     1
     6     1     0 84146     1     0     1     1     0     3 84679     0
     0     0     0     0     2 83421     3     0     2     2     1     1
     0 84957     0     4     0     0     4     2 85163     1     0     2
     0     5     0 85217     2     0     1     0     0     0 84897     1
     0     1     2     2     1     0 83866     0     4     1     1     1
     2 84183     0     2     0     2     0     0 83578     0     1     2
     3     0     6     0 83634     1     4     1     0     0     2 84224
     0     0     0     0     2     3 84978     4     1     0     0     1
     2 84734     2     3     4     0     2     4     2 84148     3     1
     0     1     2     2 84384     1     0     0     0     3     0 84175
     0     0]
94 7
0.1273829257045909 [ 0.12738293 11.44314397 11.57357743 11.57211092 11.45355541 11.52385641
 11.53347895]
0.47615197899025513 [11.26246856  0.47615198 11.27106294 11.28152727 11.27342973 11.15940753
 11.24913356]
0.12300831856792836 [11.09936932 10.9739155   0.12300832 11.22741174 11.09589455 10.94039236
 11.11210895]
3.9065803335230395e-05 [1.11657348e+01 1.09304589e+01 1.11852072e+01 3.90658033e-05
 1.11734881e+01 1.12754409e+01 1.11477180e+01]
0.12438208753143837 [11.34755826 11.22187441 11.4661672  11.46336367  0.12438209 11.44550421
 10.95146024]
5.371173528848968e-05 [1.05187501e+01 1.02866285e+01 1.06529806e+01 1.05509691e+01
 1.04307131e+01 5.37117353e-05 1.04957003e+01]
0.11700379856251307 [10.15219711  9.9609912  10.07979695 10.13532645 10.3021234  10.08377612
  0.1170038 ]
43.18395709991455
