reading done
729 107
Number of samples: 50
<<<<<<< HEAD
running_prior_SNP_LDA 1 0.01
7
96 5
17
19
29
35
40
46
48
56
62
73
77
82
90
105
106
117
118
119
138
139
145
170
178
186
191
197
199
210
259
267
280
286
294
295
301
322
328
331
333
334
335
337
345
353
354
361
379
380
393
398
411
413
414
418
419
433
436
446
448
459
460
464
467
468
472
476
486
500
508
521
523
526
527
551
563
574
577
579
584
613
622
624
628
630
644
667
673
675
691
695
5
11
24
26
32
34
49
51
68
84
88
89
92
93
100
108
116
133
137
142
157
158
165
167
205
210
214
216
226
237
252
263
272
274
276
281
285
287
289
296
306
307
315
318
321
323
325
327
340
346
356
357
360
363
369
405
408
416
421
422
424
428
440
451
452
454
474
482
483
496
501
530
537
539
540
564
570
582
585
586
594
611
620
625
633
635
640
643
651
658
662
671
687
689
694
696
16
18
21
38
39
42
43
44
59
65
79
80
83
87
99
113
115
124
132
141
143
166
168
176
177
182
208
209
211
215
224
233
235
236
238
242
249
256
264
271
304
305
330
338
348
349
352
366
374
377
381
396
407
415
429
431
455
457
466
473
506
507
513
517
520
528
531
535
541
542
545
547
548
553
554
565
571
572
575
583
589
615
627
636
639
655
660
661
668
690
13
28
37
45
50
57
63
64
66
71
75
78
92
101
103
112
121
122
162
163
172
181
184
193
204
206
207
219
227
243
245
248
251
254
255
279
288
299
324
336
339
341
350
355
359
376
388
391
402
407
410
432
437
444
456
458
477
481
499
502
514
524
525
529
536
549
550
556
557
558
569
578
580
581
592
602
605
629
631
634
637
638
645
649
650
654
656
659
666
669
677
686
12
25
31
58
60
69
85
86
91
96
97
107
109
120
126
127
129
134
140
144
146
155
164
169
175
183
185
187
194
218
220
221
244
250
260
262
265
266
273
290
291
308
310
311
312
313
314
319
343
365
390
392
395
404
409
425
427
430
435
441
443
445
462
465
478
503
504
543
544
546
555
566
573
588
590
591
600
603
604
612
616
618
632
641
653
657
663
671
674
676
678
682
j 0
m 0
0 17
0 19
0 29
0 35
0 40
0 46
0 48
0 56
0 62
0 73
0 77
0 82
0 90
0 105
0 106
0 117
0 118
0 119
0 138
0 139
0 145
0 170
0 178
0 186
0 191
0 197
0 199
0 210
0 259
0 267
0 280
0 286
0 294
0 295
0 301
0 322
0 328
0 331
0 333
0 334
0 335
0 337
0 345
0 353
0 354
0 361
0 379
0 380
0 393
0 398
0 411
0 413
0 414
0 418
0 419
0 433
0 436
0 446
0 448
0 459
0 460
0 464
0 467
0 468
0 472
0 476
0 486
0 500
0 508
0 521
0 523
0 526
0 527
0 551
0 563
0 574
0 577
0 579
0 584
0 613
0 622
0 624
0 628
0 630
0 644
0 667
0 673
0 675
0 691
0 695
m 1
0 5
0 11
0 24
0 26
0 32
0 34
0 49
0 51
0 68
0 84
0 88
0 89
0 92
0 93
0 100
0 108
0 116
0 133
0 137
0 142
0 157
0 158
0 165
0 167
0 205
0 210
0 214
0 216
0 226
0 237
0 252
0 263
0 272
0 274
0 276
0 281
0 285
0 287
0 289
0 296
0 306
0 307
0 315
0 318
0 321
0 323
0 325
0 327
0 340
0 346
0 356
0 357
0 360
0 363
0 369
0 405
0 408
0 416
0 421
0 422
0 424
0 428
0 440
0 451
0 452
0 454
0 474
0 482
0 483
0 496
0 501
0 530
0 537
0 539
0 540
0 564
0 570
0 582
0 585
0 586
0 594
0 611
0 620
0 625
0 633
0 635
0 640
0 643
0 651
0 658
0 662
0 671
0 687
0 689
0 694
0 696
m 2
0 16
0 18
0 21
0 38
0 39
0 42
0 43
0 44
0 59
0 65
0 79
0 80
0 83
0 87
0 99
0 113
0 115
0 124
0 132
0 141
0 143
0 166
0 168
0 176
0 177
0 182
0 208
0 209
0 211
0 215
0 224
0 233
0 235
0 236
0 238
0 242
0 249
0 256
0 264
0 271
0 304
0 305
0 330
0 338
0 348
0 349
0 352
0 366
0 374
0 377
0 381
0 396
0 407
0 415
0 429
0 431
0 455
0 457
0 466
0 473
0 506
0 507
0 513
0 517
0 520
0 528
0 531
0 535
0 541
0 542
0 545
0 547
0 548
0 553
0 554
0 565
0 571
0 572
0 575
0 583
0 589
0 615
0 627
0 636
0 639
0 655
0 660
0 661
0 668
0 690
m 3
0 13
0 28
0 37
0 45
0 50
0 57
0 63
0 64
0 66
0 71
0 75
0 78
0 92
0 101
0 103
0 112
0 121
0 122
0 162
0 163
0 172
0 181
0 184
0 193
0 204
0 206
0 207
0 219
0 227
0 243
0 245
0 248
0 251
0 254
0 255
0 279
0 288
0 299
0 324
0 336
0 339
0 341
0 350
0 355
0 359
0 376
0 388
0 391
0 402
0 407
0 410
0 432
0 437
0 444
0 456
0 458
0 477
0 481
0 499
0 502
0 514
0 524
0 525
0 529
0 536
0 549
0 550
0 556
0 557
0 558
0 569
0 578
0 580
0 581
0 592
0 602
0 605
0 629
0 631
0 634
0 637
0 638
0 645
0 649
0 650
0 654
0 656
0 659
0 666
0 669
0 677
0 686
m 4
0 12
0 25
0 31
0 58
0 60
0 69
0 85
0 86
0 91
0 96
0 97
0 107
0 109
0 120
0 126
0 127
0 129
0 134
0 140
0 144
0 146
0 155
0 164
0 169
0 175
0 183
0 185
0 187
0 194
0 218
0 220
0 221
0 244
0 250
0 260
0 262
0 265
0 266
0 273
0 290
0 291
0 308
0 310
0 311
0 312
0 313
0 314
0 319
0 343
0 365
0 390
0 392
0 395
0 404
0 409
0 425
0 427
0 430
0 435
0 441
0 443
0 445
0 462
0 465
0 478
0 503
0 504
0 543
0 544
0 546
0 555
0 566
0 573
0 588
0 590
0 591
0 600
0 603
0 604
0 612
0 616
0 618
0 632
0 641
0 653
0 657
0 663
0 671
0 674
0 676
0 678
0 682
0.07975646292884508
j 1
m 0
1 17
1 19
1 29
1 35
1 40
1 46
1 48
1 56
1 62
1 73
1 77
1 82
1 90
1 105
1 106
1 117
1 118
1 119
1 138
1 139
1 145
1 170
1 178
1 186
1 191
1 197
1 199
1 210
1 259
1 267
1 280
1 286
1 294
1 295
1 301
1 322
1 328
1 331
1 333
1 334
1 335
1 337
1 345
1 353
1 354
1 361
1 379
1 380
1 393
1 398
1 411
1 413
1 414
1 418
1 419
1 433
1 436
1 446
1 448
1 459
1 460
1 464
1 467
1 468
1 472
1 476
1 486
1 500
1 508
1 521
1 523
1 526
1 527
1 551
1 563
1 574
1 577
1 579
1 584
1 613
1 622
1 624
1 628
1 630
1 644
1 667
1 673
1 675
1 691
1 695
m 1
1 5
1 11
1 24
1 26
1 32
1 34
1 49
1 51
1 68
1 84
1 88
1 89
1 92
1 93
1 100
1 108
1 116
1 133
1 137
1 142
1 157
1 158
1 165
1 167
1 205
1 210
1 214
1 216
1 226
1 237
1 252
1 263
1 272
1 274
1 276
1 281
1 285
1 287
1 289
1 296
1 306
1 307
1 315
1 318
1 321
1 323
1 325
1 327
1 340
1 346
1 356
1 357
1 360
1 363
1 369
1 405
1 408
1 416
1 421
1 422
1 424
1 428
1 440
1 451
1 452
1 454
1 474
1 482
1 483
1 496
1 501
1 530
1 537
1 539
1 540
1 564
1 570
1 582
1 585
1 586
1 594
1 611
1 620
1 625
1 633
1 635
1 640
1 643
1 651
1 658
1 662
1 671
1 687
1 689
1 694
1 696
m 2
1 16
1 18
1 21
1 38
1 39
1 42
1 43
1 44
1 59
1 65
1 79
1 80
1 83
1 87
1 99
1 113
1 115
1 124
1 132
1 141
1 143
1 166
1 168
1 176
1 177
1 182
1 208
1 209
1 211
1 215
1 224
1 233
1 235
1 236
1 238
1 242
1 249
1 256
1 264
1 271
1 304
1 305
1 330
1 338
1 348
1 349
1 352
1 366
1 374
1 377
1 381
1 396
1 407
1 415
1 429
1 431
1 455
1 457
1 466
1 473
1 506
1 507
1 513
1 517
1 520
1 528
1 531
1 535
1 541
1 542
1 545
1 547
1 548
1 553
1 554
1 565
1 571
1 572
1 575
1 583
1 589
1 615
1 627
1 636
1 639
1 655
1 660
1 661
1 668
1 690
m 3
1 13
1 28
1 37
1 45
1 50
1 57
1 63
1 64
1 66
1 71
1 75
1 78
1 92
1 101
1 103
1 112
1 121
1 122
1 162
1 163
1 172
1 181
1 184
1 193
1 204
1 206
1 207
1 219
1 227
1 243
1 245
1 248
1 251
1 254
1 255
1 279
1 288
1 299
1 324
1 336
1 339
1 341
1 350
1 355
1 359
1 376
1 388
1 391
1 402
1 407
1 410
1 432
1 437
1 444
1 456
1 458
1 477
1 481
1 499
1 502
1 514
1 524
1 525
1 529
1 536
1 549
1 550
1 556
1 557
1 558
1 569
1 578
1 580
1 581
1 592
1 602
1 605
1 629
1 631
1 634
1 637
1 638
1 645
1 649
1 650
1 654
1 656
1 659
1 666
1 669
1 677
1 686
m 4
1 12
1 25
1 31
1 58
1 60
1 69
1 85
1 86
1 91
1 96
1 97
1 107
1 109
1 120
1 126
1 127
1 129
1 134
1 140
1 144
1 146
1 155
1 164
1 169
1 175
1 183
1 185
1 187
1 194
1 218
1 220
1 221
1 244
1 250
1 260
1 262
1 265
1 266
1 273
1 290
1 291
1 308
1 310
1 311
1 312
1 313
1 314
1 319
1 343
1 365
1 390
1 392
1 395
1 404
1 409
1 425
1 427
1 430
1 435
1 441
1 443
1 445
1 462
1 465
1 478
1 503
1 504
1 543
1 544
1 546
1 555
1 566
1 573
1 588
1 590
1 591
1 600
1 603
1 604
1 612
1 616
1 618
1 632
1 641
1 653
1 657
1 663
1 671
1 674
1 676
1 678
1 682
0.3628376861490707
j 2
m 0
2 17
2 19
2 29
2 35
2 40
2 46
2 48
2 56
2 62
2 73
2 77
2 82
2 90
2 105
2 106
2 117
2 118
2 119
2 138
2 139
2 145
2 170
2 178
2 186
2 191
2 197
2 199
2 210
2 259
2 267
2 280
2 286
2 294
2 295
2 301
2 322
2 328
2 331
2 333
2 334
2 335
2 337
2 345
2 353
2 354
2 361
2 379
2 380
2 393
2 398
2 411
2 413
2 414
2 418
2 419
2 433
2 436
2 446
2 448
2 459
2 460
2 464
2 467
2 468
2 472
2 476
2 486
2 500
2 508
2 521
2 523
2 526
2 527
2 551
2 563
2 574
2 577
2 579
2 584
2 613
2 622
2 624
2 628
2 630
2 644
2 667
2 673
2 675
2 691
2 695
m 1
2 5
2 11
2 24
2 26
2 32
2 34
2 49
2 51
2 68
2 84
2 88
2 89
2 92
2 93
2 100
2 108
2 116
2 133
2 137
2 142
2 157
2 158
2 165
2 167
2 205
2 210
2 214
2 216
2 226
2 237
2 252
2 263
2 272
2 274
2 276
2 281
2 285
2 287
2 289
2 296
2 306
2 307
2 315
2 318
2 321
2 323
2 325
2 327
2 340
2 346
2 356
2 357
2 360
2 363
2 369
2 405
2 408
2 416
2 421
2 422
2 424
2 428
2 440
2 451
2 452
2 454
2 474
2 482
2 483
2 496
2 501
2 530
2 537
2 539
2 540
2 564
2 570
2 582
2 585
2 586
2 594
2 611
2 620
2 625
2 633
2 635
2 640
2 643
2 651
2 658
2 662
2 671
2 687
2 689
2 694
2 696
m 2
2 16
2 18
2 21
2 38
2 39
2 42
2 43
2 44
2 59
2 65
2 79
2 80
2 83
2 87
2 99
2 113
2 115
2 124
2 132
2 141
2 143
2 166
2 168
2 176
2 177
2 182
2 208
2 209
2 211
2 215
2 224
2 233
2 235
2 236
2 238
2 242
2 249
2 256
2 264
2 271
2 304
2 305
2 330
2 338
2 348
2 349
2 352
2 366
2 374
2 377
2 381
2 396
2 407
2 415
2 429
2 431
2 455
2 457
2 466
2 473
2 506
2 507
2 513
2 517
2 520
2 528
2 531
2 535
2 541
2 542
2 545
2 547
2 548
2 553
2 554
2 565
2 571
2 572
2 575
2 583
2 589
2 615
2 627
2 636
2 639
2 655
2 660
2 661
2 668
2 690
m 3
2 13
2 28
2 37
2 45
2 50
2 57
2 63
2 64
2 66
2 71
2 75
2 78
2 92
2 101
2 103
2 112
2 121
2 122
2 162
2 163
2 172
2 181
2 184
2 193
2 204
2 206
2 207
2 219
2 227
2 243
2 245
2 248
2 251
2 254
2 255
2 279
2 288
2 299
2 324
2 336
2 339
2 341
2 350
2 355
2 359
2 376
2 388
2 391
2 402
2 407
2 410
2 432
2 437
2 444
2 456
2 458
2 477
2 481
2 499
2 502
2 514
2 524
2 525
2 529
2 536
2 549
2 550
2 556
2 557
2 558
2 569
2 578
2 580
2 581
2 592
2 602
2 605
2 629
2 631
2 634
2 637
2 638
2 645
2 649
2 650
2 654
2 656
2 659
2 666
2 669
2 677
2 686
m 4
2 12
2 25
2 31
2 58
2 60
2 69
2 85
2 86
2 91
2 96
2 97
2 107
2 109
2 120
2 126
2 127
2 129
2 134
2 140
2 144
2 146
2 155
2 164
2 169
2 175
2 183
2 185
2 187
2 194
2 218
2 220
2 221
2 244
2 250
2 260
2 262
2 265
2 266
2 273
2 290
2 291
2 308
2 310
2 311
2 312
2 313
2 314
2 319
2 343
2 365
2 390
2 392
2 395
2 404
2 409
2 425
2 427
2 430
2 435
2 441
2 443
2 445
2 462
2 465
2 478
2 503
2 504
2 543
2 544
2 546
2 555
2 566
2 573
2 588
2 590
2 591
2 600
2 603
2 604
2 612
2 616
2 618
2 632
2 641
2 653
2 657
2 663
2 671
2 674
2 676
2 678
2 682
0.07977309214961745
j 3
m 0
3 17
3 19
3 29
3 35
3 40
3 46
3 48
3 56
3 62
3 73
3 77
3 82
3 90
3 105
3 106
3 117
3 118
3 119
3 138
3 139
3 145
3 170
3 178
3 186
3 191
3 197
3 199
3 210
3 259
3 267
3 280
3 286
3 294
3 295
3 301
3 322
3 328
3 331
3 333
3 334
3 335
3 337
3 345
3 353
3 354
3 361
3 379
3 380
3 393
3 398
3 411
3 413
3 414
3 418
3 419
3 433
3 436
3 446
3 448
3 459
3 460
3 464
3 467
3 468
3 472
3 476
3 486
3 500
3 508
3 521
3 523
3 526
3 527
3 551
3 563
3 574
3 577
3 579
3 584
3 613
3 622
3 624
3 628
3 630
3 644
3 667
3 673
3 675
3 691
3 695
m 1
3 5
3 11
3 24
3 26
3 32
3 34
3 49
3 51
3 68
3 84
3 88
3 89
3 92
3 93
3 100
3 108
3 116
3 133
3 137
3 142
3 157
3 158
3 165
3 167
3 205
3 210
3 214
3 216
3 226
3 237
3 252
3 263
3 272
3 274
3 276
3 281
3 285
3 287
3 289
3 296
3 306
3 307
3 315
3 318
3 321
3 323
3 325
3 327
3 340
3 346
3 356
3 357
3 360
3 363
3 369
3 405
3 408
3 416
3 421
3 422
3 424
3 428
3 440
3 451
3 452
3 454
3 474
3 482
3 483
3 496
3 501
3 530
3 537
3 539
3 540
3 564
3 570
3 582
3 585
3 586
3 594
3 611
3 620
3 625
3 633
3 635
3 640
3 643
3 651
3 658
3 662
3 671
3 687
3 689
3 694
3 696
m 2
3 16
3 18
3 21
3 38
3 39
3 42
3 43
3 44
3 59
3 65
3 79
3 80
3 83
3 87
3 99
3 113
3 115
3 124
3 132
3 141
3 143
3 166
3 168
3 176
3 177
3 182
3 208
3 209
3 211
3 215
3 224
3 233
3 235
3 236
3 238
3 242
3 249
3 256
3 264
3 271
3 304
3 305
3 330
3 338
3 348
3 349
3 352
3 366
3 374
3 377
3 381
3 396
3 407
3 415
3 429
3 431
3 455
3 457
3 466
3 473
3 506
3 507
3 513
3 517
3 520
3 528
3 531
3 535
3 541
3 542
3 545
3 547
3 548
3 553
3 554
3 565
3 571
3 572
3 575
3 583
3 589
3 615
3 627
3 636
3 639
3 655
3 660
3 661
3 668
3 690
m 3
3 13
3 28
3 37
3 45
3 50
3 57
3 63
3 64
3 66
3 71
3 75
3 78
3 92
3 101
3 103
3 112
3 121
3 122
3 162
3 163
3 172
3 181
3 184
3 193
3 204
3 206
3 207
3 219
3 227
3 243
3 245
3 248
3 251
3 254
3 255
3 279
3 288
3 299
3 324
3 336
3 339
3 341
3 350
3 355
3 359
3 376
3 388
3 391
3 402
3 407
3 410
3 432
3 437
3 444
3 456
3 458
3 477
3 481
3 499
3 502
3 514
3 524
3 525
3 529
3 536
3 549
3 550
3 556
3 557
3 558
3 569
3 578
3 580
3 581
3 592
3 602
3 605
3 629
3 631
3 634
3 637
3 638
3 645
3 649
3 650
3 654
3 656
3 659
3 666
3 669
3 677
3 686
m 4
3 12
3 25
3 31
3 58
3 60
3 69
3 85
3 86
3 91
3 96
3 97
3 107
3 109
3 120
3 126
3 127
3 129
3 134
3 140
3 144
3 146
3 155
3 164
3 169
3 175
3 183
3 185
3 187
3 194
3 218
3 220
3 221
3 244
3 250
3 260
3 262
3 265
3 266
3 273
3 290
3 291
3 308
3 310
3 311
3 312
3 313
3 314
3 319
3 343
3 365
3 390
3 392
3 395
3 404
3 409
3 425
3 427
3 430
3 435
3 441
3 443
3 445
3 462
3 465
3 478
3 503
3 504
3 543
3 544
3 546
3 555
3 566
3 573
3 588
3 590
3 591
3 600
3 603
3 604
3 612
3 616
3 618
3 632
3 641
3 653
3 657
3 663
3 671
3 674
3 676
3 678
3 682
0.0030337862003414124
j 4
m 0
4 17
4 19
4 29
4 35
4 40
4 46
4 48
4 56
4 62
4 73
4 77
4 82
4 90
4 105
4 106
4 117
4 118
4 119
4 138
4 139
4 145
4 170
4 178
4 186
4 191
4 197
4 199
4 210
4 259
4 267
4 280
4 286
4 294
4 295
4 301
4 322
4 328
4 331
4 333
4 334
4 335
4 337
4 345
4 353
4 354
4 361
4 379
4 380
4 393
4 398
4 411
4 413
4 414
4 418
4 419
4 433
4 436
4 446
4 448
4 459
4 460
4 464
4 467
4 468
4 472
4 476
4 486
4 500
4 508
4 521
4 523
4 526
4 527
4 551
4 563
4 574
4 577
4 579
4 584
4 613
4 622
4 624
4 628
4 630
4 644
4 667
4 673
4 675
4 691
4 695
m 1
4 5
4 11
4 24
4 26
4 32
4 34
4 49
4 51
4 68
4 84
4 88
4 89
4 92
4 93
4 100
4 108
4 116
4 133
4 137
4 142
4 157
4 158
4 165
4 167
4 205
4 210
4 214
4 216
4 226
4 237
4 252
4 263
4 272
4 274
4 276
4 281
4 285
4 287
4 289
4 296
4 306
4 307
4 315
4 318
4 321
4 323
4 325
4 327
4 340
4 346
4 356
4 357
4 360
4 363
4 369
4 405
4 408
4 416
4 421
4 422
4 424
4 428
4 440
4 451
4 452
4 454
4 474
4 482
4 483
4 496
4 501
4 530
4 537
4 539
4 540
4 564
4 570
4 582
4 585
4 586
4 594
4 611
4 620
4 625
4 633
4 635
4 640
4 643
4 651
4 658
4 662
4 671
4 687
4 689
4 694
4 696
m 2
4 16
4 18
4 21
4 38
4 39
4 42
4 43
4 44
4 59
4 65
4 79
4 80
4 83
4 87
4 99
4 113
4 115
4 124
4 132
4 141
4 143
4 166
4 168
4 176
4 177
4 182
4 208
4 209
4 211
4 215
4 224
4 233
4 235
4 236
4 238
4 242
4 249
4 256
4 264
4 271
4 304
4 305
4 330
4 338
4 348
4 349
4 352
4 366
4 374
4 377
4 381
4 396
4 407
4 415
4 429
4 431
4 455
4 457
4 466
4 473
4 506
4 507
4 513
4 517
4 520
4 528
4 531
4 535
4 541
4 542
4 545
4 547
4 548
4 553
4 554
4 565
4 571
4 572
4 575
4 583
4 589
4 615
4 627
4 636
4 639
4 655
4 660
4 661
4 668
4 690
m 3
4 13
4 28
4 37
4 45
4 50
4 57
4 63
4 64
4 66
4 71
4 75
4 78
4 92
4 101
4 103
4 112
4 121
4 122
4 162
4 163
4 172
4 181
4 184
4 193
4 204
4 206
4 207
4 219
4 227
4 243
4 245
4 248
4 251
4 254
4 255
4 279
4 288
4 299
4 324
4 336
4 339
4 341
4 350
4 355
4 359
4 376
4 388
4 391
4 402
4 407
4 410
4 432
4 437
4 444
4 456
4 458
4 477
4 481
4 499
4 502
4 514
4 524
4 525
4 529
4 536
4 549
4 550
4 556
4 557
4 558
4 569
4 578
4 580
4 581
4 592
4 602
4 605
4 629
4 631
4 634
4 637
4 638
4 645
4 649
4 650
4 654
4 656
4 659
4 666
4 669
4 677
4 686
m 4
4 12
4 25
4 31
4 58
4 60
4 69
4 85
4 86
4 91
4 96
4 97
4 107
4 109
4 120
4 126
4 127
4 129
4 134
4 140
4 144
4 146
4 155
4 164
4 169
4 175
4 183
4 185
4 187
4 194
4 218
4 220
4 221
4 244
4 250
4 260
4 262
4 265
4 266
4 273
4 290
4 291
4 308
4 310
4 311
4 312
4 313
4 314
4 319
4 343
4 365
4 390
4 392
4 395
4 404
4 409
4 425
4 427
4 430
4 435
4 441
4 443
4 445
4 462
4 465
4 478
4 503
4 504
4 543
4 544
4 546
4 555
4 566
4 573
4 588
4 590
4 591
4 600
4 603
4 604
4 612
4 616
4 618
4 632
4 641
4 653
4 657
4 663
4 671
4 674
4 676
4 678
4 682
0.1531944124994973
j 5
m 0
5 17
5 19
5 29
5 35
5 40
5 46
5 48
5 56
5 62
5 73
5 77
5 82
5 90
5 105
5 106
5 117
5 118
5 119
5 138
5 139
5 145
5 170
5 178
5 186
5 191
5 197
5 199
5 210
5 259
5 267
5 280
5 286
5 294
5 295
5 301
5 322
5 328
5 331
5 333
5 334
5 335
5 337
5 345
5 353
5 354
5 361
5 379
5 380
5 393
5 398
5 411
5 413
5 414
5 418
5 419
5 433
5 436
5 446
5 448
5 459
5 460
5 464
5 467
5 468
5 472
5 476
5 486
5 500
5 508
5 521
5 523
5 526
5 527
5 551
5 563
5 574
5 577
5 579
5 584
5 613
5 622
5 624
5 628
5 630
5 644
5 667
5 673
5 675
5 691
5 695
m 1
5 5
5 11
5 24
5 26
5 32
5 34
5 49
5 51
5 68
5 84
5 88
5 89
5 92
5 93
5 100
5 108
5 116
5 133
5 137
5 142
5 157
5 158
5 165
5 167
5 205
5 210
5 214
5 216
5 226
5 237
5 252
5 263
5 272
5 274
5 276
5 281
5 285
5 287
5 289
5 296
5 306
5 307
5 315
5 318
5 321
5 323
5 325
5 327
5 340
5 346
5 356
5 357
5 360
5 363
5 369
5 405
5 408
5 416
5 421
5 422
5 424
5 428
5 440
5 451
5 452
5 454
5 474
5 482
5 483
5 496
5 501
5 530
5 537
5 539
5 540
5 564
5 570
5 582
5 585
5 586
5 594
5 611
5 620
5 625
5 633
5 635
5 640
5 643
5 651
5 658
5 662
5 671
5 687
5 689
5 694
5 696
m 2
5 16
5 18
5 21
5 38
5 39
5 42
5 43
5 44
5 59
5 65
5 79
5 80
5 83
5 87
5 99
5 113
5 115
5 124
5 132
5 141
5 143
5 166
5 168
5 176
5 177
5 182
5 208
5 209
5 211
5 215
5 224
5 233
5 235
5 236
5 238
5 242
5 249
5 256
5 264
5 271
5 304
5 305
5 330
5 338
5 348
5 349
5 352
5 366
5 374
5 377
5 381
5 396
5 407
5 415
5 429
5 431
5 455
5 457
5 466
5 473
5 506
5 507
5 513
5 517
5 520
5 528
5 531
5 535
5 541
5 542
5 545
5 547
5 548
5 553
5 554
5 565
5 571
5 572
5 575
5 583
5 589
5 615
5 627
5 636
5 639
5 655
5 660
5 661
5 668
5 690
m 3
5 13
5 28
5 37
5 45
5 50
5 57
5 63
5 64
5 66
5 71
5 75
5 78
5 92
5 101
5 103
5 112
5 121
5 122
5 162
5 163
5 172
5 181
5 184
5 193
5 204
5 206
5 207
5 219
5 227
5 243
5 245
5 248
5 251
5 254
5 255
5 279
5 288
5 299
5 324
5 336
5 339
5 341
5 350
5 355
5 359
5 376
5 388
5 391
5 402
5 407
5 410
5 432
5 437
5 444
5 456
5 458
5 477
5 481
5 499
5 502
5 514
5 524
5 525
5 529
5 536
5 549
5 550
5 556
5 557
5 558
5 569
5 578
5 580
5 581
5 592
5 602
5 605
5 629
5 631
5 634
5 637
5 638
5 645
5 649
5 650
5 654
5 656
5 659
5 666
5 669
5 677
5 686
m 4
5 12
5 25
5 31
5 58
5 60
5 69
5 85
5 86
5 91
5 96
5 97
5 107
5 109
5 120
5 126
5 127
5 129
5 134
5 140
5 144
5 146
5 155
5 164
5 169
5 175
5 183
5 185
5 187
5 194
5 218
5 220
5 221
5 244
5 250
5 260
5 262
5 265
5 266
5 273
5 290
5 291
5 308
5 310
5 311
5 312
5 313
5 314
5 319
5 343
5 365
5 390
5 392
5 395
5 404
5 409
5 425
5 427
5 430
5 435
5 441
5 443
5 445
5 462
5 465
5 478
5 503
5 504
5 543
5 544
5 546
5 555
5 566
5 573
5 588
5 590
5 591
5 600
5 603
5 604
5 612
5 616
5 618
5 632
5 641
5 653
5 657
5 663
5 671
5 674
5 676
5 678
5 682
6.69584871339807
j 6
m 0
6 17
6 19
6 29
6 35
6 40
6 46
6 48
6 56
6 62
6 73
6 77
6 82
6 90
6 105
6 106
6 117
6 118
6 119
6 138
6 139
6 145
6 170
6 178
6 186
6 191
6 197
6 199
6 210
6 259
6 267
6 280
6 286
6 294
6 295
6 301
6 322
6 328
6 331
6 333
6 334
6 335
6 337
6 345
6 353
6 354
6 361
6 379
6 380
6 393
6 398
6 411
6 413
6 414
6 418
6 419
6 433
6 436
6 446
6 448
6 459
6 460
6 464
6 467
6 468
6 472
6 476
6 486
6 500
6 508
6 521
6 523
6 526
6 527
6 551
6 563
6 574
6 577
6 579
6 584
6 613
6 622
6 624
6 628
6 630
6 644
6 667
6 673
6 675
6 691
6 695
m 1
6 5
6 11
6 24
6 26
6 32
6 34
6 49
6 51
6 68
6 84
6 88
6 89
6 92
6 93
6 100
6 108
6 116
6 133
6 137
6 142
6 157
6 158
6 165
6 167
6 205
6 210
6 214
6 216
6 226
6 237
6 252
6 263
6 272
6 274
6 276
6 281
6 285
6 287
6 289
6 296
6 306
6 307
6 315
6 318
6 321
6 323
6 325
6 327
6 340
6 346
6 356
6 357
6 360
6 363
6 369
6 405
6 408
6 416
6 421
6 422
6 424
6 428
6 440
6 451
6 452
6 454
6 474
6 482
6 483
6 496
6 501
6 530
6 537
6 539
6 540
6 564
6 570
6 582
6 585
6 586
6 594
6 611
6 620
6 625
6 633
6 635
6 640
6 643
6 651
6 658
6 662
6 671
6 687
6 689
6 694
6 696
m 2
6 16
6 18
6 21
6 38
6 39
6 42
6 43
6 44
6 59
6 65
6 79
6 80
6 83
6 87
6 99
6 113
6 115
6 124
6 132
6 141
6 143
6 166
6 168
6 176
6 177
6 182
6 208
6 209
6 211
6 215
6 224
6 233
6 235
6 236
6 238
6 242
6 249
6 256
6 264
6 271
6 304
6 305
6 330
6 338
6 348
6 349
6 352
6 366
6 374
6 377
6 381
6 396
6 407
6 415
6 429
6 431
6 455
6 457
6 466
6 473
6 506
6 507
6 513
6 517
6 520
6 528
6 531
6 535
6 541
6 542
6 545
6 547
6 548
6 553
6 554
6 565
6 571
6 572
6 575
6 583
6 589
6 615
6 627
6 636
6 639
6 655
6 660
6 661
6 668
6 690
m 3
6 13
6 28
6 37
6 45
6 50
6 57
6 63
6 64
6 66
6 71
6 75
6 78
6 92
6 101
6 103
6 112
6 121
6 122
6 162
6 163
6 172
6 181
6 184
6 193
6 204
6 206
6 207
6 219
6 227
6 243
6 245
6 248
6 251
6 254
6 255
6 279
6 288
6 299
6 324
6 336
6 339
6 341
6 350
6 355
6 359
6 376
6 388
6 391
6 402
6 407
6 410
6 432
6 437
6 444
6 456
6 458
6 477
6 481
6 499
6 502
6 514
6 524
6 525
6 529
6 536
6 549
6 550
6 556
6 557
6 558
6 569
6 578
6 580
6 581
6 592
6 602
6 605
6 629
6 631
6 634
6 637
6 638
6 645
6 649
6 650
6 654
6 656
6 659
6 666
6 669
6 677
6 686
m 4
6 12
6 25
6 31
6 58
6 60
6 69
6 85
6 86
6 91
6 96
6 97
6 107
6 109
6 120
6 126
6 127
6 129
6 134
6 140
6 144
6 146
6 155
6 164
6 169
6 175
6 183
6 185
6 187
6 194
6 218
6 220
6 221
6 244
6 250
6 260
6 262
6 265
6 266
6 273
6 290
6 291
6 308
6 310
6 311
6 312
6 313
6 314
6 319
6 343
6 365
6 390
6 392
6 395
6 404
6 409
6 425
6 427
6 430
6 435
6 441
6 443
6 445
6 462
6 465
6 478
6 503
6 504
6 543
6 544
6 546
6 555
6 566
6 573
6 588
6 590
6 591
6 600
6 603
6 604
6 612
6 616
6 618
6 632
6 641
6 653
6 657
6 663
6 671
6 674
6 676
6 678
6 682
6.69584871339807
0.0011908696195984027
0.0013358271251107442
0.0026601403463145366
0.0017755287126031375
0.0008746945010542359
0.0010653297577062494
0.004471492272962209
0.002449086921102641
0.0035967264931592528
0.002084702089461869
0.0024216527247586
0.0017668160709302721
0.0011863810308513035
0.0015932716268944125
0.0033433921933623935
0.0013358271251107442
0.002877316758439306
0.0017755287126031375
0.0027505217344692737
0.0010653297577062494
0.002788681171913646
0.002449086921102641
0.0026846130414602963
0.002084702089461869
0.003172540882593417
0.0017668160709302721
0.004307233853740011
0.0015932716268944125
[0. 1. 2. 3. 4. 5. 6.]
[90. 96. 90. 92. 92. 90. 91.]
59.53334879875183
running_prior_SNP_LDA 1 0.01
7
96 5
17
19
29
35
40
46
48
56
62
73
77
82
90
105
106
117
118
119
138
139
145
170
178
186
191
197
199
210
259
267
280
286
294
295
301
322
328
331
333
334
335
337
345
353
354
361
379
380
393
398
411
413
414
418
419
433
436
446
448
459
460
464
467
468
472
476
486
500
508
521
523
526
527
551
563
574
577
579
584
613
622
624
628
630
644
667
673
675
691
695
5
11
24
26
32
34
49
51
68
84
88
89
92
93
100
108
116
133
137
142
157
158
165
167
205
210
214
216
226
237
252
263
272
274
276
281
285
287
289
296
306
307
315
318
321
323
325
327
340
346
356
357
360
363
369
405
408
416
421
422
424
428
440
451
452
454
474
482
483
496
501
530
537
539
540
564
570
582
585
586
594
611
620
625
633
635
640
643
651
658
662
671
687
689
694
696
16
18
21
38
39
42
43
44
59
65
79
80
83
87
99
113
115
124
132
141
143
166
168
176
177
182
208
209
211
215
224
233
235
236
238
242
249
256
264
271
304
305
330
338
348
349
352
366
374
377
381
396
407
415
429
431
455
457
466
473
506
507
513
517
520
528
531
535
541
542
545
547
548
553
554
565
571
572
575
583
589
615
627
636
639
655
660
661
668
690
13
28
37
45
50
57
63
64
66
71
75
78
92
101
103
112
121
122
162
163
172
181
184
193
204
206
207
219
227
243
245
248
251
254
255
279
288
299
324
336
339
341
350
355
359
376
388
391
402
407
410
432
437
444
456
458
477
481
499
502
514
524
525
529
536
549
550
556
557
558
569
578
580
581
592
602
605
629
631
634
637
638
645
649
650
654
656
659
666
669
677
686
12
25
31
58
60
69
85
86
91
96
97
107
109
120
126
127
129
134
140
144
146
155
164
169
175
183
185
187
194
218
220
221
244
250
260
262
265
266
273
290
291
308
310
311
312
313
314
319
343
365
390
392
395
404
409
425
427
430
435
441
443
445
462
465
478
503
504
543
544
546
555
566
573
588
590
591
600
603
604
612
616
618
632
641
653
657
663
671
674
676
678
682
j 0
m 0
0 17
0 19
0 29
0 35
0 40
0 46
0 48
0 56
0 62
0 73
0 77
0 82
0 90
0 105
0 106
0 117
0 118
0 119
0 138
0 139
0 145
0 170
0 178
0 186
0 191
0 197
0 199
0 210
0 259
0 267
0 280
0 286
0 294
0 295
0 301
0 322
0 328
0 331
0 333
0 334
0 335
0 337
0 345
0 353
0 354
0 361
0 379
0 380
0 393
0 398
0 411
0 413
0 414
0 418
0 419
0 433
0 436
0 446
0 448
0 459
0 460
0 464
0 467
0 468
0 472
0 476
0 486
0 500
0 508
0 521
0 523
0 526
0 527
0 551
0 563
0 574
0 577
0 579
0 584
0 613
0 622
0 624
0 628
0 630
0 644
0 667
0 673
0 675
0 691
0 695
m 1
0 5
0 11
0 24
0 26
0 32
0 34
0 49
0 51
0 68
0 84
0 88
0 89
0 92
0 93
0 100
0 108
0 116
0 133
0 137
0 142
0 157
0 158
0 165
0 167
0 205
0 210
0 214
0 216
0 226
0 237
0 252
0 263
0 272
0 274
0 276
0 281
0 285
0 287
0 289
0 296
0 306
0 307
0 315
0 318
0 321
0 323
0 325
0 327
0 340
0 346
0 356
0 357
0 360
0 363
0 369
0 405
0 408
0 416
0 421
0 422
0 424
0 428
0 440
0 451
0 452
0 454
0 474
0 482
0 483
0 496
0 501
0 530
0 537
0 539
0 540
0 564
0 570
0 582
0 585
0 586
0 594
0 611
0 620
0 625
0 633
0 635
0 640
0 643
0 651
0 658
0 662
0 671
0 687
0 689
0 694
0 696
m 2
0 16
0 18
0 21
0 38
0 39
0 42
0 43
0 44
0 59
0 65
0 79
0 80
0 83
0 87
0 99
0 113
0 115
0 124
0 132
0 141
0 143
0 166
0 168
0 176
0 177
0 182
0 208
0 209
0 211
0 215
0 224
0 233
0 235
0 236
0 238
0 242
0 249
0 256
0 264
0 271
0 304
0 305
0 330
0 338
0 348
0 349
0 352
0 366
0 374
0 377
0 381
0 396
0 407
0 415
0 429
0 431
0 455
0 457
0 466
0 473
0 506
0 507
0 513
0 517
0 520
0 528
0 531
0 535
0 541
0 542
0 545
0 547
0 548
0 553
0 554
0 565
0 571
0 572
0 575
0 583
0 589
0 615
0 627
0 636
0 639
0 655
0 660
0 661
0 668
0 690
m 3
0 13
0 28
0 37
0 45
0 50
0 57
0 63
0 64
0 66
0 71
0 75
0 78
0 92
0 101
0 103
0 112
0 121
0 122
0 162
0 163
0 172
0 181
0 184
0 193
0 204
0 206
0 207
0 219
0 227
0 243
0 245
0 248
0 251
0 254
0 255
0 279
0 288
0 299
0 324
0 336
0 339
0 341
0 350
0 355
0 359
0 376
0 388
0 391
0 402
0 407
0 410
0 432
0 437
0 444
0 456
0 458
0 477
0 481
0 499
0 502
0 514
0 524
0 525
0 529
0 536
0 549
0 550
0 556
0 557
0 558
0 569
0 578
0 580
0 581
0 592
0 602
0 605
0 629
0 631
0 634
0 637
0 638
0 645
0 649
0 650
0 654
0 656
0 659
0 666
0 669
0 677
0 686
m 4
0 12
0 25
0 31
0 58
0 60
0 69
0 85
0 86
0 91
0 96
0 97
0 107
0 109
0 120
0 126
0 127
0 129
0 134
0 140
0 144
0 146
0 155
0 164
0 169
0 175
0 183
0 185
0 187
0 194
0 218
0 220
0 221
0 244
0 250
0 260
0 262
0 265
0 266
0 273
0 290
0 291
0 308
0 310
0 311
0 312
0 313
0 314
0 319
0 343
0 365
0 390
0 392
0 395
0 404
0 409
0 425
0 427
0 430
0 435
0 441
0 443
0 445
0 462
0 465
0 478
0 503
0 504
0 543
0 544
0 546
0 555
0 566
0 573
0 588
0 590
0 591
0 600
0 603
0 604
0 612
0 616
0 618
0 632
0 641
0 653
0 657
0 663
0 671
0 674
0 676
0 678
0 682
0.07975646292884508
j 1
m 0
1 17
1 19
1 29
1 35
1 40
1 46
1 48
1 56
1 62
1 73
1 77
1 82
1 90
1 105
1 106
1 117
1 118
1 119
1 138
1 139
1 145
1 170
1 178
1 186
1 191
1 197
1 199
1 210
1 259
1 267
1 280
1 286
1 294
1 295
1 301
1 322
1 328
1 331
1 333
1 334
1 335
1 337
1 345
1 353
1 354
1 361
1 379
1 380
1 393
1 398
1 411
1 413
1 414
1 418
1 419
1 433
1 436
1 446
1 448
1 459
1 460
1 464
1 467
1 468
1 472
1 476
1 486
1 500
1 508
1 521
1 523
1 526
1 527
1 551
1 563
1 574
1 577
1 579
1 584
1 613
1 622
1 624
1 628
1 630
1 644
1 667
1 673
1 675
1 691
1 695
m 1
1 5
1 11
1 24
1 26
1 32
1 34
1 49
1 51
1 68
1 84
1 88
1 89
1 92
1 93
1 100
1 108
1 116
1 133
1 137
1 142
1 157
1 158
1 165
1 167
1 205
1 210
1 214
1 216
1 226
1 237
1 252
1 263
1 272
1 274
1 276
1 281
1 285
1 287
1 289
1 296
1 306
1 307
1 315
1 318
1 321
1 323
1 325
1 327
1 340
1 346
1 356
1 357
1 360
1 363
1 369
1 405
1 408
1 416
1 421
1 422
1 424
1 428
1 440
1 451
1 452
1 454
1 474
1 482
1 483
1 496
1 501
1 530
1 537
1 539
1 540
1 564
1 570
1 582
1 585
1 586
1 594
1 611
1 620
1 625
1 633
1 635
1 640
1 643
1 651
1 658
1 662
1 671
1 687
1 689
1 694
1 696
m 2
1 16
1 18
1 21
1 38
1 39
1 42
1 43
1 44
1 59
1 65
1 79
1 80
1 83
1 87
1 99
1 113
1 115
1 124
1 132
1 141
1 143
1 166
1 168
1 176
1 177
1 182
1 208
1 209
1 211
1 215
1 224
1 233
1 235
1 236
1 238
1 242
1 249
1 256
1 264
1 271
1 304
1 305
1 330
1 338
1 348
1 349
1 352
1 366
1 374
1 377
1 381
1 396
1 407
1 415
1 429
1 431
1 455
1 457
1 466
1 473
1 506
1 507
1 513
1 517
1 520
1 528
1 531
1 535
1 541
1 542
1 545
1 547
1 548
1 553
1 554
1 565
1 571
1 572
1 575
1 583
1 589
1 615
1 627
1 636
1 639
1 655
1 660
1 661
1 668
1 690
m 3
1 13
1 28
1 37
1 45
1 50
1 57
1 63
1 64
1 66
1 71
1 75
1 78
1 92
1 101
1 103
1 112
1 121
1 122
1 162
1 163
1 172
1 181
1 184
1 193
1 204
1 206
1 207
1 219
1 227
1 243
1 245
1 248
1 251
1 254
1 255
1 279
1 288
1 299
1 324
1 336
1 339
1 341
1 350
1 355
1 359
1 376
1 388
1 391
1 402
1 407
1 410
1 432
1 437
1 444
1 456
1 458
1 477
1 481
1 499
1 502
1 514
1 524
1 525
1 529
1 536
1 549
1 550
1 556
1 557
1 558
1 569
1 578
1 580
1 581
1 592
1 602
1 605
1 629
1 631
1 634
1 637
1 638
1 645
1 649
1 650
1 654
1 656
1 659
1 666
1 669
1 677
1 686
m 4
1 12
1 25
1 31
1 58
1 60
1 69
1 85
1 86
1 91
1 96
1 97
1 107
1 109
1 120
1 126
1 127
1 129
1 134
1 140
1 144
1 146
1 155
1 164
1 169
1 175
1 183
1 185
1 187
1 194
1 218
1 220
1 221
1 244
1 250
1 260
1 262
1 265
1 266
1 273
1 290
1 291
1 308
1 310
1 311
1 312
1 313
1 314
1 319
1 343
1 365
1 390
1 392
1 395
1 404
1 409
1 425
1 427
1 430
1 435
1 441
1 443
1 445
1 462
1 465
1 478
1 503
1 504
1 543
1 544
1 546
1 555
1 566
1 573
1 588
1 590
1 591
1 600
1 603
1 604
1 612
1 616
1 618
1 632
1 641
1 653
1 657
1 663
1 671
1 674
1 676
1 678
1 682
0.3628376861490707
j 2
m 0
2 17
2 19
2 29
2 35
2 40
2 46
2 48
2 56
2 62
2 73
2 77
2 82
2 90
2 105
2 106
2 117
2 118
2 119
2 138
2 139
2 145
2 170
2 178
2 186
2 191
2 197
2 199
2 210
2 259
2 267
2 280
2 286
2 294
2 295
2 301
2 322
2 328
2 331
2 333
2 334
2 335
2 337
2 345
2 353
2 354
2 361
2 379
2 380
2 393
2 398
2 411
2 413
2 414
2 418
2 419
2 433
2 436
2 446
2 448
2 459
2 460
2 464
2 467
2 468
2 472
2 476
2 486
2 500
2 508
2 521
2 523
2 526
2 527
2 551
2 563
2 574
2 577
2 579
2 584
2 613
2 622
2 624
2 628
2 630
2 644
2 667
2 673
2 675
2 691
2 695
m 1
2 5
2 11
2 24
2 26
2 32
2 34
2 49
2 51
2 68
2 84
2 88
2 89
2 92
2 93
2 100
2 108
2 116
2 133
2 137
2 142
2 157
2 158
2 165
2 167
2 205
2 210
2 214
2 216
2 226
2 237
2 252
2 263
2 272
2 274
2 276
2 281
2 285
2 287
2 289
2 296
2 306
2 307
2 315
2 318
2 321
2 323
2 325
2 327
2 340
2 346
2 356
2 357
2 360
2 363
2 369
2 405
2 408
2 416
2 421
2 422
2 424
2 428
2 440
2 451
2 452
2 454
2 474
2 482
2 483
2 496
2 501
2 530
2 537
2 539
2 540
2 564
2 570
2 582
2 585
2 586
2 594
2 611
2 620
2 625
2 633
2 635
2 640
2 643
2 651
2 658
2 662
2 671
2 687
2 689
2 694
2 696
m 2
2 16
2 18
2 21
2 38
2 39
2 42
2 43
2 44
2 59
2 65
2 79
2 80
2 83
2 87
2 99
2 113
2 115
2 124
2 132
2 141
2 143
2 166
2 168
2 176
2 177
2 182
2 208
2 209
2 211
2 215
2 224
2 233
2 235
2 236
2 238
2 242
2 249
2 256
2 264
2 271
2 304
2 305
2 330
2 338
2 348
2 349
2 352
2 366
2 374
2 377
2 381
2 396
2 407
2 415
2 429
2 431
2 455
2 457
2 466
2 473
2 506
2 507
2 513
2 517
2 520
2 528
2 531
2 535
2 541
2 542
2 545
2 547
2 548
2 553
2 554
2 565
2 571
2 572
2 575
2 583
2 589
2 615
2 627
2 636
2 639
2 655
2 660
2 661
2 668
2 690
m 3
2 13
2 28
2 37
2 45
2 50
2 57
2 63
2 64
2 66
2 71
2 75
2 78
2 92
2 101
2 103
2 112
2 121
2 122
2 162
2 163
2 172
2 181
2 184
2 193
2 204
2 206
2 207
2 219
2 227
2 243
2 245
2 248
2 251
2 254
2 255
2 279
2 288
2 299
2 324
2 336
2 339
2 341
2 350
2 355
2 359
2 376
2 388
2 391
2 402
2 407
2 410
2 432
2 437
2 444
2 456
2 458
2 477
2 481
2 499
2 502
2 514
2 524
2 525
2 529
2 536
2 549
2 550
2 556
2 557
2 558
2 569
2 578
2 580
2 581
2 592
2 602
2 605
2 629
2 631
2 634
2 637
2 638
2 645
2 649
2 650
2 654
2 656
2 659
2 666
2 669
2 677
2 686
m 4
2 12
2 25
2 31
2 58
2 60
2 69
2 85
2 86
2 91
2 96
2 97
2 107
2 109
2 120
2 126
2 127
2 129
2 134
2 140
2 144
2 146
2 155
2 164
2 169
2 175
2 183
2 185
2 187
2 194
2 218
2 220
2 221
2 244
2 250
2 260
2 262
2 265
2 266
2 273
2 290
2 291
2 308
2 310
2 311
2 312
2 313
2 314
2 319
2 343
2 365
2 390
2 392
2 395
2 404
2 409
2 425
2 427
2 430
2 435
2 441
2 443
2 445
2 462
2 465
2 478
2 503
2 504
2 543
2 544
2 546
2 555
2 566
2 573
2 588
2 590
2 591
2 600
2 603
2 604
2 612
2 616
2 618
2 632
2 641
2 653
2 657
2 663
2 671
2 674
2 676
2 678
2 682
0.07977309214961745
j 3
m 0
3 17
3 19
3 29
3 35
3 40
3 46
3 48
3 56
3 62
3 73
3 77
3 82
3 90
3 105
3 106
3 117
3 118
3 119
3 138
3 139
3 145
3 170
3 178
3 186
3 191
3 197
3 199
3 210
3 259
3 267
3 280
3 286
3 294
3 295
3 301
3 322
3 328
3 331
3 333
3 334
3 335
3 337
3 345
3 353
3 354
3 361
3 379
3 380
3 393
3 398
3 411
3 413
3 414
3 418
3 419
3 433
3 436
3 446
3 448
3 459
3 460
3 464
3 467
3 468
3 472
3 476
3 486
3 500
3 508
3 521
3 523
3 526
3 527
3 551
3 563
3 574
3 577
3 579
3 584
3 613
3 622
3 624
3 628
3 630
3 644
3 667
3 673
3 675
3 691
3 695
m 1
3 5
3 11
3 24
3 26
3 32
3 34
3 49
3 51
3 68
3 84
3 88
3 89
3 92
3 93
3 100
3 108
3 116
3 133
3 137
3 142
3 157
3 158
3 165
3 167
3 205
3 210
3 214
3 216
3 226
3 237
3 252
3 263
3 272
3 274
3 276
3 281
3 285
3 287
3 289
3 296
3 306
3 307
3 315
3 318
3 321
3 323
3 325
3 327
3 340
3 346
3 356
3 357
3 360
3 363
3 369
3 405
3 408
3 416
3 421
3 422
3 424
3 428
3 440
3 451
3 452
3 454
3 474
3 482
3 483
3 496
3 501
3 530
3 537
3 539
3 540
3 564
3 570
3 582
3 585
3 586
3 594
3 611
3 620
3 625
3 633
3 635
3 640
3 643
3 651
3 658
3 662
3 671
3 687
3 689
3 694
3 696
m 2
3 16
3 18
3 21
3 38
3 39
3 42
3 43
3 44
3 59
3 65
3 79
3 80
3 83
3 87
3 99
3 113
3 115
3 124
3 132
3 141
3 143
3 166
3 168
3 176
3 177
3 182
3 208
3 209
3 211
3 215
3 224
3 233
3 235
3 236
3 238
3 242
3 249
3 256
3 264
3 271
3 304
3 305
3 330
3 338
3 348
3 349
3 352
3 366
3 374
3 377
3 381
3 396
3 407
3 415
3 429
3 431
3 455
3 457
3 466
3 473
3 506
3 507
3 513
3 517
3 520
3 528
3 531
3 535
3 541
3 542
3 545
3 547
3 548
3 553
3 554
3 565
3 571
3 572
3 575
3 583
3 589
3 615
3 627
3 636
3 639
3 655
3 660
3 661
3 668
3 690
m 3
3 13
3 28
3 37
3 45
3 50
3 57
3 63
3 64
3 66
3 71
3 75
3 78
3 92
3 101
3 103
3 112
3 121
3 122
3 162
3 163
3 172
3 181
3 184
3 193
3 204
3 206
3 207
3 219
3 227
3 243
3 245
3 248
3 251
3 254
3 255
3 279
3 288
3 299
3 324
3 336
3 339
3 341
3 350
3 355
3 359
3 376
3 388
3 391
3 402
3 407
3 410
3 432
3 437
3 444
3 456
3 458
3 477
3 481
3 499
3 502
3 514
3 524
3 525
3 529
3 536
3 549
3 550
3 556
3 557
3 558
3 569
3 578
3 580
3 581
3 592
3 602
3 605
3 629
3 631
3 634
3 637
3 638
3 645
3 649
3 650
3 654
3 656
3 659
3 666
3 669
3 677
3 686
m 4
3 12
3 25
3 31
3 58
3 60
3 69
3 85
3 86
3 91
3 96
3 97
3 107
3 109
3 120
3 126
3 127
3 129
3 134
3 140
3 144
3 146
3 155
3 164
3 169
3 175
3 183
3 185
3 187
3 194
3 218
3 220
3 221
3 244
3 250
3 260
3 262
3 265
3 266
3 273
3 290
3 291
3 308
3 310
3 311
3 312
3 313
3 314
3 319
3 343
3 365
3 390
3 392
3 395
3 404
3 409
3 425
3 427
3 430
3 435
3 441
3 443
3 445
3 462
3 465
3 478
3 503
3 504
3 543
3 544
3 546
3 555
3 566
3 573
3 588
3 590
3 591
3 600
3 603
3 604
3 612
3 616
3 618
3 632
3 641
3 653
3 657
3 663
3 671
3 674
3 676
3 678
3 682
0.0030337862003414124
j 4
m 0
4 17
4 19
4 29
4 35
4 40
4 46
4 48
4 56
4 62
4 73
4 77
4 82
4 90
4 105
4 106
4 117
4 118
4 119
4 138
4 139
4 145
4 170
4 178
4 186
4 191
4 197
4 199
4 210
4 259
4 267
4 280
4 286
4 294
4 295
4 301
4 322
4 328
4 331
4 333
4 334
4 335
4 337
4 345
4 353
4 354
4 361
4 379
4 380
4 393
4 398
4 411
4 413
4 414
4 418
4 419
4 433
4 436
4 446
4 448
4 459
4 460
4 464
4 467
4 468
4 472
4 476
4 486
4 500
4 508
4 521
4 523
4 526
4 527
4 551
4 563
4 574
4 577
4 579
4 584
4 613
4 622
4 624
4 628
4 630
4 644
4 667
4 673
4 675
4 691
4 695
m 1
4 5
4 11
4 24
4 26
4 32
4 34
4 49
4 51
4 68
4 84
4 88
4 89
4 92
4 93
4 100
4 108
4 116
4 133
4 137
4 142
4 157
4 158
4 165
4 167
4 205
4 210
4 214
4 216
4 226
4 237
4 252
4 263
4 272
4 274
4 276
4 281
4 285
4 287
4 289
4 296
4 306
4 307
4 315
4 318
4 321
4 323
4 325
4 327
4 340
4 346
4 356
4 357
4 360
4 363
4 369
4 405
4 408
4 416
4 421
4 422
4 424
4 428
4 440
4 451
4 452
4 454
4 474
4 482
4 483
4 496
4 501
4 530
4 537
4 539
4 540
4 564
4 570
4 582
4 585
4 586
4 594
4 611
4 620
4 625
4 633
4 635
4 640
4 643
4 651
4 658
4 662
4 671
4 687
4 689
4 694
4 696
m 2
4 16
4 18
4 21
4 38
4 39
4 42
4 43
4 44
4 59
4 65
4 79
4 80
4 83
4 87
4 99
4 113
4 115
4 124
4 132
4 141
4 143
4 166
4 168
4 176
4 177
4 182
4 208
4 209
4 211
4 215
4 224
4 233
4 235
4 236
4 238
4 242
4 249
4 256
4 264
4 271
4 304
4 305
4 330
4 338
4 348
4 349
4 352
4 366
4 374
4 377
4 381
4 396
4 407
4 415
4 429
4 431
4 455
4 457
4 466
4 473
4 506
4 507
4 513
4 517
4 520
4 528
4 531
4 535
4 541
4 542
4 545
4 547
4 548
4 553
4 554
4 565
4 571
4 572
4 575
4 583
4 589
4 615
4 627
4 636
4 639
4 655
4 660
4 661
4 668
4 690
m 3
4 13
4 28
4 37
4 45
4 50
4 57
4 63
4 64
4 66
4 71
4 75
4 78
4 92
4 101
4 103
4 112
4 121
4 122
4 162
4 163
4 172
4 181
4 184
4 193
4 204
4 206
4 207
4 219
4 227
4 243
4 245
4 248
4 251
4 254
4 255
4 279
4 288
4 299
4 324
4 336
4 339
4 341
4 350
4 355
4 359
4 376
4 388
4 391
4 402
4 407
4 410
4 432
4 437
4 444
4 456
4 458
4 477
4 481
4 499
4 502
4 514
4 524
4 525
4 529
4 536
4 549
4 550
4 556
4 557
4 558
4 569
4 578
4 580
4 581
4 592
4 602
4 605
4 629
4 631
4 634
4 637
4 638
4 645
4 649
4 650
4 654
4 656
4 659
4 666
4 669
4 677
4 686
m 4
4 12
4 25
4 31
4 58
4 60
4 69
4 85
4 86
4 91
4 96
4 97
4 107
4 109
4 120
4 126
4 127
4 129
4 134
4 140
4 144
4 146
4 155
4 164
4 169
4 175
4 183
4 185
4 187
4 194
4 218
4 220
4 221
4 244
4 250
4 260
4 262
4 265
4 266
4 273
4 290
4 291
4 308
4 310
4 311
4 312
4 313
4 314
4 319
4 343
4 365
4 390
4 392
4 395
4 404
4 409
4 425
4 427
4 430
4 435
4 441
4 443
4 445
4 462
4 465
4 478
4 503
4 504
4 543
4 544
4 546
4 555
4 566
4 573
4 588
4 590
4 591
4 600
4 603
4 604
4 612
4 616
4 618
4 632
4 641
4 653
4 657
4 663
4 671
4 674
4 676
4 678
4 682
0.1531944124994973
j 5
m 0
5 17
5 19
5 29
5 35
5 40
5 46
5 48
5 56
5 62
5 73
5 77
5 82
5 90
5 105
5 106
5 117
5 118
5 119
5 138
5 139
5 145
5 170
5 178
5 186
5 191
5 197
5 199
5 210
5 259
5 267
5 280
5 286
5 294
5 295
5 301
5 322
5 328
5 331
5 333
5 334
5 335
5 337
5 345
5 353
5 354
5 361
5 379
5 380
5 393
5 398
5 411
5 413
5 414
5 418
5 419
5 433
5 436
5 446
5 448
5 459
5 460
5 464
5 467
5 468
5 472
5 476
5 486
5 500
5 508
5 521
5 523
5 526
5 527
5 551
5 563
5 574
5 577
5 579
5 584
5 613
5 622
5 624
5 628
5 630
5 644
5 667
5 673
5 675
5 691
5 695
m 1
5 5
5 11
5 24
5 26
5 32
5 34
5 49
5 51
5 68
5 84
5 88
5 89
5 92
5 93
5 100
5 108
5 116
5 133
5 137
5 142
5 157
5 158
5 165
5 167
5 205
5 210
5 214
5 216
5 226
5 237
5 252
5 263
5 272
5 274
5 276
5 281
5 285
5 287
5 289
5 296
5 306
5 307
5 315
5 318
5 321
5 323
5 325
5 327
5 340
5 346
5 356
5 357
5 360
5 363
5 369
5 405
5 408
5 416
5 421
5 422
5 424
5 428
5 440
5 451
5 452
5 454
5 474
5 482
5 483
5 496
5 501
5 530
5 537
5 539
5 540
5 564
5 570
5 582
5 585
5 586
5 594
5 611
5 620
5 625
5 633
5 635
5 640
5 643
5 651
5 658
5 662
5 671
5 687
5 689
5 694
5 696
m 2
5 16
5 18
5 21
5 38
5 39
5 42
5 43
5 44
5 59
5 65
5 79
5 80
5 83
5 87
5 99
5 113
5 115
5 124
5 132
5 141
5 143
5 166
5 168
5 176
5 177
5 182
5 208
5 209
5 211
5 215
5 224
5 233
5 235
5 236
5 238
5 242
5 249
5 256
5 264
5 271
5 304
5 305
5 330
5 338
5 348
5 349
5 352
5 366
5 374
5 377
5 381
5 396
5 407
5 415
5 429
5 431
5 455
5 457
5 466
5 473
5 506
5 507
5 513
5 517
5 520
5 528
5 531
5 535
5 541
5 542
5 545
5 547
5 548
5 553
5 554
5 565
5 571
5 572
5 575
5 583
5 589
5 615
5 627
5 636
5 639
5 655
5 660
5 661
5 668
5 690
m 3
5 13
5 28
5 37
5 45
5 50
5 57
5 63
5 64
5 66
5 71
5 75
5 78
5 92
5 101
5 103
5 112
5 121
5 122
5 162
5 163
5 172
5 181
5 184
5 193
5 204
5 206
5 207
5 219
5 227
5 243
5 245
5 248
5 251
5 254
5 255
5 279
5 288
5 299
5 324
5 336
5 339
5 341
5 350
5 355
5 359
5 376
5 388
5 391
5 402
5 407
5 410
5 432
5 437
5 444
5 456
5 458
5 477
5 481
5 499
5 502
5 514
5 524
5 525
5 529
5 536
5 549
5 550
5 556
5 557
5 558
5 569
5 578
5 580
5 581
5 592
5 602
5 605
5 629
5 631
5 634
5 637
5 638
5 645
5 649
5 650
5 654
5 656
5 659
5 666
5 669
5 677
5 686
m 4
5 12
5 25
5 31
5 58
5 60
5 69
5 85
5 86
5 91
5 96
5 97
5 107
5 109
5 120
5 126
5 127
5 129
5 134
5 140
5 144
5 146
5 155
5 164
5 169
5 175
5 183
5 185
5 187
5 194
5 218
5 220
5 221
5 244
5 250
5 260
5 262
5 265
5 266
5 273
5 290
5 291
5 308
5 310
5 311
5 312
5 313
5 314
5 319
5 343
5 365
5 390
5 392
5 395
5 404
5 409
5 425
5 427
5 430
5 435
5 441
5 443
5 445
5 462
5 465
5 478
5 503
5 504
5 543
5 544
5 546
5 555
5 566
5 573
5 588
5 590
5 591
5 600
5 603
5 604
5 612
5 616
5 618
5 632
5 641
5 653
5 657
5 663
5 671
5 674
5 676
5 678
5 682
6.69584871339807
j 6
m 0
6 17
6 19
6 29
6 35
6 40
6 46
6 48
6 56
6 62
6 73
6 77
6 82
6 90
6 105
6 106
6 117
6 118
6 119
6 138
6 139
6 145
6 170
6 178
6 186
6 191
6 197
6 199
6 210
6 259
6 267
6 280
6 286
6 294
6 295
6 301
6 322
6 328
6 331
6 333
6 334
6 335
6 337
6 345
6 353
6 354
6 361
6 379
6 380
6 393
6 398
6 411
6 413
6 414
6 418
6 419
6 433
6 436
6 446
6 448
6 459
6 460
6 464
6 467
6 468
6 472
6 476
6 486
6 500
6 508
6 521
6 523
6 526
6 527
6 551
6 563
6 574
6 577
6 579
6 584
6 613
6 622
6 624
6 628
6 630
6 644
6 667
6 673
6 675
6 691
6 695
m 1
6 5
6 11
6 24
6 26
6 32
6 34
6 49
6 51
6 68
6 84
6 88
6 89
6 92
6 93
6 100
6 108
6 116
6 133
6 137
6 142
6 157
6 158
6 165
6 167
6 205
6 210
6 214
6 216
6 226
6 237
6 252
6 263
6 272
6 274
6 276
6 281
6 285
6 287
6 289
6 296
6 306
6 307
6 315
6 318
6 321
6 323
6 325
6 327
6 340
6 346
6 356
6 357
6 360
6 363
6 369
6 405
6 408
6 416
6 421
6 422
6 424
6 428
6 440
6 451
6 452
6 454
6 474
6 482
6 483
6 496
6 501
6 530
6 537
6 539
6 540
6 564
6 570
6 582
6 585
6 586
6 594
6 611
6 620
6 625
6 633
6 635
6 640
6 643
6 651
6 658
6 662
6 671
6 687
6 689
6 694
6 696
m 2
6 16
6 18
6 21
6 38
6 39
6 42
6 43
6 44
6 59
6 65
6 79
6 80
6 83
6 87
6 99
6 113
6 115
6 124
6 132
6 141
6 143
6 166
6 168
6 176
6 177
6 182
6 208
6 209
6 211
6 215
6 224
6 233
6 235
6 236
6 238
6 242
6 249
6 256
6 264
6 271
6 304
6 305
6 330
6 338
6 348
6 349
6 352
6 366
6 374
6 377
6 381
6 396
6 407
6 415
6 429
6 431
6 455
6 457
6 466
6 473
6 506
6 507
6 513
6 517
6 520
6 528
6 531
6 535
6 541
6 542
6 545
6 547
6 548
6 553
6 554
6 565
6 571
6 572
6 575
6 583
6 589
6 615
6 627
6 636
6 639
6 655
6 660
6 661
6 668
6 690
m 3
6 13
6 28
6 37
6 45
6 50
6 57
6 63
6 64
6 66
6 71
6 75
6 78
6 92
6 101
6 103
6 112
6 121
6 122
6 162
6 163
6 172
6 181
6 184
6 193
6 204
6 206
6 207
6 219
6 227
6 243
6 245
6 248
6 251
6 254
6 255
6 279
6 288
6 299
6 324
6 336
6 339
6 341
6 350
6 355
6 359
6 376
6 388
6 391
6 402
6 407
6 410
6 432
6 437
6 444
6 456
6 458
6 477
6 481
6 499
6 502
6 514
6 524
6 525
6 529
6 536
6 549
6 550
6 556
6 557
6 558
6 569
6 578
6 580
6 581
6 592
6 602
6 605
6 629
6 631
6 634
6 637
6 638
6 645
6 649
6 650
6 654
6 656
6 659
6 666
6 669
6 677
6 686
m 4
6 12
6 25
6 31
6 58
6 60
6 69
6 85
6 86
6 91
6 96
6 97
6 107
6 109
6 120
6 126
6 127
6 129
6 134
6 140
6 144
6 146
6 155
6 164
6 169
6 175
6 183
6 185
6 187
6 194
6 218
6 220
6 221
6 244
6 250
6 260
6 262
6 265
6 266
6 273
6 290
6 291
6 308
6 310
6 311
6 312
6 313
6 314
6 319
6 343
6 365
6 390
6 392
6 395
6 404
6 409
6 425
6 427
6 430
6 435
6 441
6 443
6 445
6 462
6 465
6 478
6 503
6 504
6 543
6 544
6 546
6 555
6 566
6 573
6 588
6 590
6 591
6 600
6 603
6 604
6 612
6 616
6 618
6 632
6 641
6 653
6 657
6 663
6 671
6 674
6 676
6 678
6 682
6.69584871339807
=======
weight 3 2916 1458.0 0.0 208.28581428571428 0.0001 2082858.0
2082858.0
Average 0.0
weight 3 2916 1458.0 114.42 191.9401 38.140100000000004 5.0
5.0
Average 114.42
5.0
running_prior_SNP_LDA 1 0.01
7
running
[     0    671      2  71729    857      2  17967  82012   1046      3
    685    796      1  10211   1767    836  81537   1002    823      0
   8470      0    246  15798  82458      0   4574      0      0  68162
      0  44703      3      6      1  16516    443      2    348  83998
     59      3      3  60712      3    999   1138      2  23418      2
  80690      3    714    808      3  13538      0  38447      2      0
  75105      0      0      0  79054      1    927    761      6  14636
      0      1      0  36727  76000      0      2      0  25407      2
  78905      1   2309      0      1      0      2  57470  54301      0
      0      0   1139      7    562  85386   8771      1  86404    805
      4    772    734      0   8428  62875      2      3      0  47991
      0      3      2    999      0   1490  67456  17679      2      1
    338  79077  14807      0   6667      0  77720    841      0    801
    897   1347  10752  76827   1060      1    916      0  14832      0
  81828    554    839    775      2  11486      1      2   1222  65688
   1071   1523      0  17824      2    413      5  17937  83174     31
      7  82914    662      1    651    200  10345      4      0    984
      0   1272  58433      2  24732      0    746  82479    770    275
  10493      6      1   1099  73445   1199   1030      0  13616  65543
      0      0  45191      1      0      1      7  72976      0   1086
      9  17518      2      7    859  83687    426    623   3766   5247
  80585    522      0    759   8010      5   6478      4    843      1
   1284  89605   6007      1 111871      1      1      3      0      0
      0 110665      0      1      2      0      1      0 111645      1
      0      0      0      1      1 109928      1      0      0      2
      0      1      3 113900      0      0      0      2      0      0
 114597      1      1      0      0      1      1 114319      0      0
      1      0      0      0 113875      0      3      0      0      0
      0      0 110673      0      0      2      0      1      2 110844
      0      2      1      1      2      1 110582      1      0      1
      0      0      0      1 111264      0      0      3      0      0
      1 111809      2      1      0      0      0      0 113245      0
      1      0      0      0      2 112760      1      0      0      0
      0      0      0 111515      1      1      1      1      0      0
 112348      0      1      0      2      2      1 111528      1      2]
94 7
0.12739530522222856 [ 0.12739531 11.50356317 11.63133213 11.63404935 11.524407    3.26863967
 11.41273438]
0.47616668211595065 [11.34669148  0.47616668 11.35406999 11.3614555  11.36020018 11.1820151
 11.30815913]
0.12302558418210444 [11.17498063 10.96156885  0.12302558 11.31216819 11.17594672  2.55764847
 10.05823399]
3.9065803335230395e-05 [1.12287306e+01 1.09371224e+01 1.12475376e+01 3.90658033e-05
 1.12444737e+01 1.12574772e+01 1.02843066e+01]
0.12438232553539448 [11.43243346 11.30412624 11.54975142 11.55050688  0.12438233 11.50605701
  2.28777527]
0.11349351252227141 [9.71376922 9.39624983 9.62669    9.45484235 9.72761788 9.34678117
 0.11349351]
6.67914735034691e-05 [1.00208972e+01 9.94679399e+00 1.01976000e+01 9.99726320e+00
 9.88913604e+00 6.67914735e-05 9.85520219e+00]
34.33168315887451
>>>>>>> a17e7e9 (new update)
