reading done
729 107
Number of samples: 50
weight 3 2916 729.0 0.0 104.14295714285714 0.0001 1041429.0
1041429.0
Average 0.0
weight 3 2916 729.0 111.98 88.14581428571428 37.32676666666667 2.0
2.0
Average 111.98
2.0
running_prior_SNP_LDA 1 0.01
7
running
[   12     6     1 52012     3     1 24054 59684     5     2     0     1
     5 17685   883     6 58715     1     7     3 17496     1     1 11999
 61603     4  7172     3     3 51029     2 33445     0     1     0 11160
     0    13     3 59506  9607    14     2 42821     0     0     0     1
 30857     6 58766     1     1    17     0 18841     0 28408     1     9
 56628     3     0     3 57264     3     1    26     3 20244     1     6
     1 27341 57429     0     7     0 19107     2 58918     2  3849     3
     0     0     0 42882 41356    11     1     3     7     0     4 60838
 17080     1 63327    14    14     7     0     3 15013 47340     0     0
     0 36637     1    10     9     0     1     2 46326 28140     2     1
     5 59291 10796     5 10179     2 56869     2     0     0     8  1977
 17445 56826     1     1     9     0 20612    13 61347     1   629    11
    11 15540     2     2     8 45838     8     4     0 28656     1     4
     1 11918 59359  9144     4 60705     0    26     6     0 12255  4334
     0    13     2     5 41513     3 32049     1     9 61427     4     3
 14007  1806     6     1 52158     0     3     9 23195 49627     0     3
 34216     3     0     1     0 52418     0     1     7 23501     5     0
     3 60591     7     6  4334 12313 58821     2     1     1  5009    10
 14250     1     5     0     4 64244 14039     4 84566     1     1     0
     0     2     0 84147     1     1     1     1     0     1 84675     0
     1     2     3     0     0 83418     3     2     2     1     3     1
     2 84955     1     2     1     4     0     1 85162     6     3     0
     0     1     0 85216     1     0     1     2     0     1 84894     2
     4     0     0     2     2     0 83866     5     0     0     0     2
     0 84182     3     2     1     0     1     1 83577     4     0     1
     0     0     2     0 83636     0     5     3     0     4     0 84221
     0     0     1     1     1     0 84983     0     3     0     3     3
     1 84736     0     3     0     2     1     0     1 84154     2     0
     3     1     1     0 84384     1     0     0     0     0     0 84176
     1     1]
94 7
0.1273829257045909 [ 0.12738293 11.44158711 11.57319542 11.5721255  11.4526112  11.36910472
 11.48074502]
0.47615197899025513 [11.26032867  0.47615198 11.27206044 11.28505861 11.27479927 11.16142012
 11.25398445]
0.12304159011042819 [11.10312447 10.97511237  0.12304159 11.22759405 11.09765617 10.7256408
 11.18146233]
3.9065803335230395e-05 [1.11694343e+01 1.09357725e+01 1.11864251e+01 3.90658033e-05
 1.11701206e+01 1.12711796e+01 1.10485123e+01]
0.1243812937479959 [11.34447053 11.22100063 11.46675901 11.46266651  0.12438129 11.44973414
 11.10750159]
0.11700378850082035 [10.15348105  9.95477196 10.07312933 10.13866718 10.29870774 10.08246299
  0.11700379]
0.00013658848588923316 [1.05153578e+01 1.02836265e+01 1.06524322e+01 1.05425230e+01
 1.04367519e+01 1.36588486e-04 1.04856809e+01]
48.161717891693115
