reading done
729 107
Number of samples: 50
weight 3 2916 729.0 0.0 104.14295714285714 0.0001 1041429.0
1041429.0
Average 0.0
weight 3 2916 729.0 111.98 88.14581428571428 37.32676666666667 2.0
2.0
Average 111.98
2.0
running_prior_SNP_LDA 1 0.01
7
running
[    0     0     2 52062     2    16 24007 59917     5     4     1     9
     4 17442   916     3 58676     4     3     2 17507     0     0 12009
 61253     1  7516     4     1 51028     0 33448     0     2     1 11263
     1     0     3 59476  9557     3     9 42878     4     5     3    10
 30772     1 58866     1     3     3     1 18757     3 28046     0     1
 56999     0     0     5 56912     6     9     0     3 20609     0     0
     1 27471 57309     2     2     0 18914     0 59182     5  3771     9
     0     1     0 42773 41476     0     0     8     2     0     4 60917
 16991    11 63237     6     0     1     4    15 15115 47156     4     0
     0 36826     2     0     3     3     8     3 46349 28114     0     3
     7 59344 10686     0 10239     0 57133     4     1     0     2  1757
 17404 56858     4     4     4    11 20578     3 61120     1   547     0
     2 15871     0     0     5 45554     1    10     1 28945     3     9
     0 11864 59509  9042     4 60751     1     9     3     3 12171  4388
     5     4     5     0 41369    33 32169     2     2 61531     1     0
 14010  1711     0    12 51909     2     0     5 23444 49930     0     1
 33913     3     2     1     3 52668     8     4     3 23244     2     8
     3 60418     4     0  4378 12443 58834     3     6     3  5282     2
 13964     5     2     0     2 64247 14028    13 84561     2     2     1
     3     1     0 84146     3     0     1     0     1     1 84678     0
     0     0     2     1     0 83429     1     0     0     0     0     0
     0 84963     0     0     0     2     0     1 85166     2     2     1
     1     0     1 85212     3     1     0     3     0     1 84896     0
     2     2     0     2     1     0 83864     3     1     2     2     3
     0 84183     0     0     3     1     0     1 83573     3     0     6
     1     1     3     0 83637     1     4     0     2     0     0 84222
     0     1     1     1     1     0 84984     1     1     0     2     3
     0 84739     0     0     2     1     1     0     3 84152     0     3
     1     0     0     0 84387     2     0     0     0     5     2 84170
     0     1]
94 7
0.1273829257045909 [ 0.12738293 11.44228947 11.57121287 11.57339061 11.45344601 11.46481868
 11.47791583]
0.47615197899025513 [11.2650985   0.47615198 11.27314056 11.28164602 11.27267803 11.09892269
 11.24821463]
0.12300831856792836 [11.09614349 10.97491238  0.12300832 11.22459363 11.0965506  10.82805204
 11.02832274]
3.9065803335230395e-05 [1.11650178e+01 1.09314886e+01 1.11876047e+01 3.90658033e-05
 1.11731273e+01 1.12714951e+01 1.11498145e+01]
0.12438197179150248 [11.34784461 11.22153119 11.46583471 11.46864144  0.12438197 11.39741588
 11.15411477]
0.11700379195863718 [10.15274294  9.9562349  10.07541306 10.12447798 10.30444362 10.08649103
  0.11700379]
5.372001800348654e-05 [1.05203075e+01 1.02878065e+01 1.06539713e+01 1.05465378e+01
 1.04305873e+01 5.37200180e-05 1.04858105e+01]
42.17184376716614
