reading done
729 107
Number of samples: 50
weight 3 2916 729.0 0.0 104.14295714285714 0.0001 1041429.0
1041429.0
Average 0.0
weight 3 2916 729.0 111.98 88.14581428571428 37.32676666666667 2.0
2.0
Average 111.98
2.0
running_prior_SNP_LDA 1 0.01
7
running
[    0    19     0 51696     7 24361     6 59912     2     0     8     2
 17458     0   888     0 58576     2     1 17642     2     2    15 12002
 61386     5     2  7371     3 50859     0 33615     3     0     0 11179
     2     0     0 59645     0  9477     2 42687    13     0     2 30965
    12     0 58764    10     1     5 18852     0     1 28018     2     0
 57025     2     1     2 57088     6     1     2 20444     1     7     1
     4 27194 57577     0     2     1 18968     2 59158     0     8  3744
     3     4     0 42789 41449     4     1    10     0     0     1 61114
     1 16807 63324     1     0    15     2 15031     5 47130     0     0
     1 36853     4     0     0     3     0     6 46590     0 27881     5
     0 59508 10741     1     7 10017 56703     1     2    16    19 17703
  1857 57271     5     0     4     8     0 20174 61238     4   567     3
    13     1 15715     2     6 45899     4     1 28599     5     0     3
     1 11671 59521     2  9233 60793     2     0     0     6  4391 12134
     0     2    14    20 41414 32130     5     1     7 61275     4     5
  1860 14105     1     2 52185     0     1 23179     4 49700     0     9
 34128     3     5     5     0 52527     0     7     4     7 23387     3
     1 60452     5     0 12478  4315 58833     1     1     2  5108 14147
     2     3     4     0     2 63998    13 14277 84558     5     2     1
     1     2     1 84147     0     0     1     1     0     3 84669     0
     0     2     1     6     3 83425     1     2     2     0     0     0
     1 84960     0     4     0     0     0     0 85172     0     0     0
     1     0     1 85216     1     1     1     0     0     4 84887     0
     5     0     5     2     5     2 83862     0     0     0     4     0
     1 84179     0     5     2     3     1     1 83578     0     1     1
     2     0     2     2 83635     1     5     1     3     0     0 84212
     2     2     7     1     0     1 84986     0     0     0     0     0
     3 84740     0     2     1     4     0     0     0 84151     2     3
     0     1     0     0 84385     0     4     0     4     2     5 84160
     6     1]
94 7
0.1273829257045909 [ 0.12738293 11.44475679 11.57292406 11.57202067 11.45399089 11.45934381
 11.53225068]
0.4761667844284902 [11.26019293  0.47616678 11.27087293 11.28441172 11.27038229 11.21151373
 11.24911567]
0.12300831856792836 [11.10148172 10.97611411  0.12300832 11.22602877 11.09575728 10.86571022
 10.97095258]
3.9065803335230395e-05 [1.11643425e+01 1.09324434e+01 1.11843377e+01 3.90658033e-05
 1.11759502e+01 1.12669137e+01 1.10491294e+01]
0.12436942066627277 [11.34854163 11.21950572 11.47073044 11.46735129  0.12436942 11.39451261
 11.15128389]
7.457021781427832e-05 [1.05185691e+01 1.02911558e+01 1.06544886e+01 1.05479107e+01
 1.04334106e+01 7.45702178e-05 1.04914851e+01]
0.11703123241731453 [10.15478639  9.94240811 10.06747572 10.11959946 10.29877006 10.08260903
  0.11703123]
44.15894532203674
