reading done
729 107
Number of samples: 50
weight 3 2916 729.0 0.0 104.14295714285714 0.0001 1041429.0
1041429.0
Average 0.0
weight 3 2916 729.0 111.98 88.14581428571428 37.32676666666667 2.0
2.0
Average 111.98
2.0
running_prior_SNP_LDA 1 0.01
7
running
[    9     3     4 51721     6 24342     4 59909     0     0     9    16
 17443     5   990     0 58666     6     0 17448     1     3     1 12030
 61401     2     0  7346     0 51107     5 33359     2     7     0 11536
     0     1     1 59249     0  9516     1 42733     0     2     8 30937
     0     3 58703     3     6     0 18916     1     8 27985     0     0
 57053     3     0     1 56944     0     2     4 20593     0     0     2
     1 27587 57193     0     2     0 18880     1 59221     1     1  3777
     2     1     2 42848 41396     0     1     1     0    13     3 60573
     0 17343 63410    12     6     3     2 14942     3 47404     0     1
     1 36577     0     5    17     2     2     0 46376     1 28082     1
     0 58924 10793     5     1 10555 57107     4     1     1     1 17355
  1832 56819     5     5     1     0     0 20632 61152     7   612     0
     0     0 15770     8     2 45936     6     0 28564     0    11     0
     5 12097 58851     0  9467 61004     6     4    25     0  4277 12010
     9     1     5     3 41385 32175     7     1     0 61286     7     1
  1914 14048     0    13 52116     2    10 23226     5 49729     1     4
 34115     1     0     0     2 52732     8    11     0    12 23167     2
     4 60523     0     1 12315  4409 58740     7     1     0  5292 14053
     1     7     2     5     2 64123     7 14151 84559     1     1     4
     2     1     2 84149     1     0     0     0     2     0 84678     1
     0     0     1     0     1 83421     1     0     8     0     0     0
     0 84956     0     0     3     6     0     2 85166     2     3     0
     0     0     1 85214     1     2     1     0     1     0 84900     0
     1     1     0     1     1     0 83866     2     0     0     4     4
     1 84183     0     0     2     0     0     0 83580     0     2     0
     2     1     3     1 83640     1     0     0     2     0     0 84222
     2     0     0     0     0     2 84983     0     2     1     2     1
     1 84736     3     3     0     1     1     2     2 84153     1     0
     0     1     0     1 84388     0     0     0     8     2     5 84158
     4     1]
94 7
0.1273829257045909 [ 0.12738293 11.44442178 11.57578397 11.57362861 11.45435786 11.47264652
 11.53401361]
0.47615197899025513 [11.26244224  0.47615198 11.27151732 11.28308486 11.27514151 11.20973734
 11.24730598]
0.12300831856792836 [11.09909408 10.97417159  0.12300832 11.22758249 11.09717666 10.97053298
 11.13129755]
6.695525969292457e-05 [1.11701005e+01 1.09314098e+01 1.11866999e+01 6.69552597e-05
 1.11719318e+01 1.12710013e+01 1.11014959e+01]
0.1243812937479959 [11.34217133 11.22009923 11.46494985 11.46330129  0.12438129 11.44715699
 11.11435622]
7.344939356822217e-05 [1.05206753e+01 1.02857403e+01 1.06496323e+01 1.05437024e+01
 1.04278846e+01 7.34493936e-05 1.04880881e+01]
0.11704440416839505 [10.15649659  9.95929116 10.07494155 10.13490452 10.29940614 10.09885531
  0.1170444 ]
41.656782150268555
