reading done
729 107
Number of samples: 50
weight 3 2916 729.0 0.0 104.14295714285714 0.0001 1041429.0
1041429.0
Average 0.0
weight 3 2916 729.0 111.98 88.14581428571428 37.32676666666667 2.0
2.0
Average 111.98
2.0
running_prior_SNP_LDA 1 0.01
7
running
[    5     0     0 51892     0    16 24176 59847     1     9     3     0
     0 17522   974     0 58694     5    46     4 17388     7     0 12055
 61253     0  7468     0     1 50822     0 33653     2     0     2 11238
     1     7     2 59304  9749     2     4 42530     1     2     6     0
 31138     3 58668     0    10     8     8 18935     1 28313     0     2
 56733     0     0     6 56749     4     0     1     0 20784     1     0
     0 27236 57546     1     1     2 19023     0 59036     2  3818     0
     1     2     1 42821 41420     2     3     1     8     0     0 60716
 17208     0 63005     0     1     0     0     5 15367 47441     0     1
     1 36541     3     1     3     1     2     0 46514 27955     5     3
     2 59186 10743     1 10341     3 57009     4     0     1     3  1713
 17571 56829     0     0     3     0 20630     0 61181     6   557     0
    30 15766     1     1     3 46056     4    15     0 28437     0     8
     2 11921 59439  9054     7 61143     3     2     1    19 12135  4023
     3     6     1     4 41508     1 32062     7     0 61300     3     2
 14037  1908     7    11 52144     6     6     0 23198 50087     1     4
 33756     0     2     0     7 52671     6     4     4 23237     3     2
     6 60439    17     0  4420 12370 58599     0     0     7  5279     1
 14208     3     1     2     0 63973 14311     7 84563     0     0     5
     2     0     0 84137     5     1     5     1     2     1 84670     1
     0     0     4     0     6 83420     1     1     3     1     0     4
     0 84956     5     1     1     2     0     1 85157     0     3     3
     8     1     0 85210     1     6     1     2     0     4 84897     1
     0     0     1     0     1     0 83865     1     0     1     5     1
     0 84183     3     1     0     2     0     0 83578     0     1     1
     4     1     4     3 83631     0     4     3     1     0     0 84224
     0     1     0     4     1     2 84979     0     2     0     1     5
     0 84737     1     2     0     0     1     0     0 84152     6     1
     3     0     2     0 84380     3     2     1     0     1     1 84173
     1     1]
94 7
0.1273829257045909 [ 0.12738293 11.44284315 11.57521436 11.57285286 11.45445116 11.5218877
 11.43356063]
0.47615197899025513 [11.26371402  0.47615198 11.27108731 11.28036906 11.27109309 11.21167888
 11.24416815]
0.12300831856792836 [11.09921295 10.97670624  0.12300832 11.22771306 11.09595791 11.00951974
 11.13136121]
3.9065803335230395e-05 [1.11640707e+01 1.09304760e+01 1.11848101e+01 3.90658033e-05
 1.11750885e+01 1.12725064e+01 1.11476090e+01]
0.12438241710910208 [11.34416612 11.22034298 11.46457147 11.46727125  0.12438242 11.44757349
 11.11803891]
0.11703016819232401 [10.16054631  9.96065656 10.07475504 10.12508054 10.29881885 10.09563818
  0.11703017]
0.0001351288935141667 [1.05223348e+01 1.02853526e+01 1.06568605e+01 1.05476373e+01
 1.04317931e+01 1.35128894e-04 1.04926310e+01]
42.35757374763489
