reading done
729 107
Number of samples: 50
weight 3 2916 729.0 0.0 104.14295714285714 0.0001 1041429.0
1041429.0
Average 0.0
weight 3 2916 729.0 111.98 88.14581428571428 37.32676666666667 2.0
2.0
Average 111.98
2.0
running_prior_SNP_LDA 1 0.01
7
running
[    1     1     0 52172     5 23910     0 59746     0     4     4     0
 17628     0   919     1 58467     5     5 17713     1     2     6 12010
 61429     5     4  7327     0 50872     0 33602     0     6     0 11344
     0     2     0 59396     5  9556     1 42922     0     4     4 30742
     8    11 58744     2     2     4 18869     0     1 28064     6     5
 56972     1     0     1 56905     7     0     7 20624     0     0     0
     3 27403 57378     1     0     7 19078     4 58930     0     1  3861
     0     1     2 42777 41468     1     1     0     4     3     1 60852
    13 17060 63219     3     2     0     5 15142     7 47269     5     0
     0 36714     0     0     5     1     9     1 46342     1 28121     2
     1 59512 10684     0     1 10079 57003     1     4     1     3 17389
  1900 56898     2     0     0     1     9 20552 61204     3   667     4
     0     0 15663     4     4 45950     6     4 28547     1     3     0
     1 11971 59335     8  9113 60929    19     4     7     3  4182 12182
    16     6     3     2 41300 32256     2     3     0 61183     5     3
  1767 14296     0     6 52251     6     0 23109     0 50046     0     5
 33794     2     0     3     1 52737    12     0     1     0 23181     5
    20 60516     4     2 12227  4480 59197     1     1     8  4967 13919
     1     0     7     3     6 64082     4 14195 84560     1     1     0
     6     0     2 84143     2     3     2     1     0     1 84680     0
     1     0     0     0     0 83424     1     1     0     1     1     2
     0 84959     0     1     1     4     0     0 85165     4     0     1
     2     1     0 85214     1     0     1     0     4     1 84894     0
     0     1     6     1     2     0 83869     2     0     0     0     0
     0 84189     0     0     0     1     0     0 83579     1     0     0
     4     1     1     3 83637     1     2     1     1     0     0 84217
     4     3     1     0     0     0 84988     0     0     0    14     1
     0 84728     0     3     0     0     0     1     1 84157     1     0
     0     4     1     0 84384     1     0     2     0     0     0 84176
     0     0]
94 7
0.1273829257045909 [ 0.12738293 11.44422495 11.57574157 11.57285359 11.45479826 11.41429843
 11.53406161]
0.47615197899025513 [11.26352025  0.47615198 11.27336837 11.28160698 11.27367981 11.21043747
 11.24890729]
0.12300831856792836 [11.10104654 10.97326447  0.12300832 11.2260689  11.09796391 10.85932601
 11.13233775]
3.9065803335230395e-05 [1.11682849e+01 1.09325633e+01 1.11859853e+01 3.90658033e-05
 1.11711975e+01 1.12696006e+01 1.10989784e+01]
0.12436942066627277 [11.34363721 11.22013023 11.46581334 11.46558504  0.12436942 11.44753509
 11.21697455]
7.41448112996335e-05 [1.05142358e+01 1.02861038e+01 1.06475981e+01 1.05468532e+01
 1.04298726e+01 7.41448113e-05 1.04845266e+01]
0.11700378132321573 [10.15744862  9.95903837 10.0715861  10.13424635 10.29850084 10.08896991
  0.11700378]
46.41431474685669
