reading done
729 107
Number of samples: 50
weight 3 2916 729.0 0.0 104.14295714285714 0.0001 1041429.0
1041429.0
Average 0.0
weight 3 2916 729.0 111.98 88.14581428571428 37.32676666666667 2.0
2.0
Average 111.98
2.0
running_prior_SNP_LDA 1 0.01
7
running
[   16     0     3 51799     6     1 24264 59705     4     1     1     4
     0 17667   910     1 58433     1     0     8 17758     3     3 11906
 61399     4  7466     2     3 50962     2 33505     5     3     0 11118
     0     0     0 59636  9549     0     6 42989     1     2     5     3
 30675     3 58549    13     0     1     4 19062     5 28381     2     0
 56658     1     2     1 57232    11    10     3     2 20285     7     4
     2 27200 57562     7     3     0 19062     0 59001     0  3818     0
     2     1     2 42951 41283     8     3    10     6     9     2 61025
 16881     0 63164     4     1     7     0     1 15201 47681     7     0
     3 36288     6     3     3     1     2     1 46609 27864     0    12
     3 59145 10688     2 10429     0 56817     1     6     0     3  1753
 17721 56985     3     0     1     9 20464     0 61251     4   583     0
     1 15694     8     0     3 45982     5     2     3 28521     4     3
     2 11961 59086  9374     1 60789    21     0     5    10 12307  4194
     3     1     1     4 41502     1 32073     1     6 61331     1    11
 14132  1775     2     1 52085    10     2     4 23268 49952     2     3
 33880     5     2     6     0 52673     1     6     5 23246     1     2
     5 60711     0     1  4330 12205 59019     2    10     2  4861     0
 14200     0     1     0     0 63958 14336     2 84566     1     1     0
     2     0     0 84141     1     3     0     2     4     1 84666     3
     1     3     7     0     1 83421     0     0     3     4     2     0
     3 84956     2     0     2     1     1     3 85167     1     0     1
     0     1     5 85211     0     0     2     0     2     1 84901     0
     0     0     0     1     2     0 83867     1     0     3     0     0
     1 84183     1     3     0     2     0     0 83583     1     0     0
     0     2     0     3 83637     0     0     4     0     0     0 84225
     0     1     0     3     1     3 84978     0     0     3     0     0
     0 84743     2     0     1     5     1     2     1 84148     3     0
     2     0     0     0 84380     4     4     2     0     1     1 84173
     1     0]
94 7
0.12739435054273643 [ 0.12739435 11.44259819 11.5741689  11.57244397 11.45395425 11.52509309
 11.53317553]
0.47616672287080947 [11.26163225  0.47616672 11.27541396 11.28393173 11.2741684  11.11152854
 11.24847332]
0.12300831856792836 [11.09904236 10.97292133  0.12300832 11.22586716 11.09798645 10.6933685
 11.18274075]
3.9065803335230395e-05 [1.11664711e+01 1.09305639e+01 1.11841839e+01 3.90658033e-05
 1.11728888e+01 1.12679595e+01 1.11017872e+01]
0.12436942066627277 [11.34677051 11.22052496 11.46500572 11.46397445  0.12436942 11.44628214
 11.21367155]
0.11700378324048621 [10.1565671   9.96559837 10.07487438 10.1275492  10.29996853 10.04283574
  0.11700378]
7.424414392932758e-05 [1.05188911e+01 1.02889301e+01 1.06510339e+01 1.05509276e+01
 1.04268467e+01 7.42441439e-05 1.03895031e+01]
43.75322675704956
