reading done
729 107
Number of samples: 50
weight 3 2916 729.0 0.0 104.14295714285714 0.0001 1041429.0
1041429.0
Average 0.0
weight 3 2916 729.0 111.98 88.14581428571428 37.32676666666667 2.0
2.0
Average 111.98
2.0
running_prior_SNP_LDA 1 0.01
7
running
[    2     2     2 52023     7     8 24045 59885     1     5     0     5
     3 17483   923     3 58528     0     1     0 17656     0     3 12163
 61608     3  7000     6     0 50962     1 33509     1     3     4 11044
     5     0     1 59469  9782     2     4 42769     1     9     5     4
 30889     4 58759     0     2     7     5 18855     1 28269     1     0
 56773     3     2     3 56962     8     2     6    15 20548     7     8
     7 27333 57424     2     4     8 18875     3 59242     6  3746     1
     2     5     3 42949 41288     1     2     0     1     6     0 60617
 17308     1 63281     4     1     2     5     1 15084 47368     2     8
     3 36599     5     3     9    13     0     5 46371 28081     1     0
     0 59493 10674     1 10111     0 56829     0     6     0    24  1802
 17640 57178     4     1     1     1 20276     1 61067     1   524     5
     0 15942     2    10     0 46174     1     0     7 28324     2     0
     0 11813 59405  9207     4 61214     0     4     1     1 11883  4223
     0     4     3     1 41663     1 31913     9     7 61032     4     1
 14272  1932     6     6 51979     0    10     0 23371 50061     2     0
 33784     0     3     0     4 52519     7     0     0 23401     1     9
    19 60499     7     1  4127 12592 58665     2     0     0  5379     0
 14048     9     1     2     0 63675 14600    10 84563     4     0     1
     0     0     2 84141     3     2     4     0     0     2 84676     0
     3     0     0     0     2 83425     0     1     0     0     4     0
     1 84958     0     1     3     1     1     0 85170     0     1     1
     0     1     0 85216     1     2     0     0     1     0 84895     0
     3     0     1     4     0     2 83867     1     1     2     0     0
     3 84183     0     1     2     1     0     1 83580     2     0     1
     0     1     0     0 83640     3     1     1     1     3     3 84218
     0     0     1     0     0     0 84985     2     0     1     0     0
     0 84736     3     6     1     3     1     1     0 84154     1     0
     0     0     3     1 84382     1     3     0     6     3     2 84162
     0     5]
94 7
0.1273829257045909 [ 0.12738293 11.44610647 11.57497847 11.57175524 11.45506855 11.46564026
 11.53121525]
0.47615197899025513 [11.2617982   0.47615198 11.27127261 11.28134702 11.27501261 11.21039522
 11.19783906]
0.12300831856792836 [11.09930692 10.97664628  0.12300832 11.22636568 11.09591673 11.0179771
 11.18131098]
3.9065803335230395e-05 [1.11666571e+01 1.08745859e+01 1.11881819e+01 3.90658033e-05
 1.11742651e+01 1.12200513e+01 1.10490464e+01]
0.12438237116036951 [11.34495395 11.21994585 11.46665262 11.46444037  0.12438237 11.39272762
 11.20704272]
0.11705831928731347 [10.15972374  9.95664019 10.07082071 10.13242844 10.29062259 10.09481207
  0.11705832]
5.3704658337910194e-05 [1.05191447e+01 1.02796345e+01 1.06482299e+01 1.05535836e+01
 1.04306841e+01 5.37046583e-05 1.04403718e+01]
44.23564171791077
