reading done
729 107
Number of samples: 50
weight 3 2916 729.0 0.0 104.14295714285714 0.0001 1041429.0
1041429.0
Average 0.0
weight 3 2916 729.0 111.98 88.14581428571428 37.32676666666667 2.0
2.0
Average 111.98
2.0
running_prior_SNP_LDA 1 0.01
7
running
[    3     1     3 52069     0     0 24013 59760     1     4     1     3
     1 17612   950     2 58412     0     0     6 17741     0     2 12063
 61410     1  7307     0     2 50992     0 33482     0     1     3 11078
     9     0     0 59628  9585     3     6 42885     6     9     1     0
 30774    14 58716     1     4     4     8 18885     1 27999     3     0
 57040     1     5     3 57023    33     4     8     0 20473     4     3
     5 27176 57596     0     1     2 19009     1 59072     0  3795     2
     2     0     4 42698 41537     3     6     3     0     1     2 60958
 16967     2 63029     3     3     2     1     0 15340 47655     2     0
     8 36321     2     0     2     1     7     2 46415 28053     0     3
     1 58832 11046     0 10397     0 56895     4     2     0     4  1784
 17612 56981    11    11     0     1 20458     0 60948     0   649     4
     0 15940     0     0     7 45353     6     0     3 29147     1     0
     0 11906 59321  9203     0 60968     7     7     0     7 12025  4312
     5     2     9     6 41392     9 32162     2     0 61215     4     4
 14136  1896    14     7 51880    11     0     1 23459 50194     5     1
 33644     0     0     6     0 52405     0     1     3 23522     1     3
     6 60371     2    17  4475 12380 59078     8     1     0  5135     9
 13863     0     4     1     1 64365 13925     1 84563     1     4     0
     1     1     0 84146     0     2     0     0     4     0 84671     1
     6     1     0     2     0 83421     1     6     0     0     1     1
     0 84955     1     0     2     6     1     4 85165     0     0     1
     0     3     0 85214     1     2     3     0     0     0 84891     1
     5     1     2     3     5     0 83863     4     0     1     0     0
     0 84179     0     2     3     6     0     1 83572     5     1     2
     3     0     2     4 83637     3     0     0     3     0     1 84220
     0     1     1     2     0     1 84978     1     6     0     0     3
     0 84735     6     0     2     2     3     0     1 84153     0     1
     0     0     1     0 84386     3     0     1     0     3     1 84172
     0     1]
94 7
0.1273829257045909 [ 0.12738293 11.44442259 11.5730367  11.57180399 11.45597724 11.46106794
 11.53464391]
0.47618127630645113 [11.26120936  0.47618128 11.27374467 11.28153837 11.27213678 11.15852548
 11.19809422]
0.12302516532967096 [11.09594028 10.97218346  0.12302517 11.22358989 11.09064766 10.82399575
 11.12969009]
3.9065803335230395e-05 [1.11675828e+01 1.09303173e+01 1.11842238e+01 3.90658033e-05
 1.11721996e+01 1.12722494e+01 1.10970014e+01]
0.12438254124832793 [11.34726578 11.22249545 11.46768502 11.46646784  0.12438254 11.44801058
 11.16846128]
0.11700378494088622 [10.14551825  9.9493365  10.07694774 10.1364215  10.30587986 10.09570169
  0.11700378]
5.3726643802498075e-05 [1.05291784e+01 1.02919562e+01 1.06495529e+01 1.05505185e+01
 1.04368207e+01 5.37266438e-05 1.04876974e+01]
42.41610288619995
