219 7 0 1 2 3 4 5 6
247 7 0 1 2 3 4 5 6
483 7 0 1 2 3 4 5 6
485 7 0 1 2 3 4 5 6
22469 7 0 1 2 3 4 5 6
555 7 0 1 2 3 4 5 6
681 7 0 1 2 3 4 5 6
929 7 0 1 2 3 4 5 6
977 7 0 1 2 3 4 5 6
991 7 0 1 2 3 4 5 6
1047 7 0 1 2 3 4 5 6
22646 7 0 1 2 3 4 5 6
1241 7 0 1 2 3 4 5 6
1581 7 0 1 2 3 4 5 6
1711 7 0 1 2 3 4 5 6
1911 7 0 1 2 3 4 5 6
1983 7 0 1 2 3 4 5 6
2043 7 0 1 2 3 4 5 6
2117 7 0 1 2 3 4 5 6
2221 7 0 1 2 3 4 5 6
22955 7 0 1 2 3 4 5 6
22970 7 0 1 2 3 4 5 6
2401 7 0 1 2 3 4 5 6
2503 7 0 1 2 3 4 5 6
2603 7 0 1 2 3 4 5 6
2817 7 0 1 2 3 4 5 6
23237 7 0 1 2 3 4 5 6
3175 7 0 1 2 3 4 5 6
3227 7 0 1 2 3 4 5 6
3289 7 0 1 2 3 4 5 6
23339 7 0 1 2 3 4 5 6
3487 7 0 1 2 3 4 5 6
3501 7 0 1 2 3 4 5 6
3607 7 0 1 2 3 4 5 6
23396 7 0 1 2 3 4 5 6
23438 7 0 1 2 3 4 5 6
3887 7 0 1 2 3 4 5 6
3899 7 0 1 2 3 4 5 6
30356 7 0 1 2 3 4 5 6
4071 7 0 1 2 3 4 5 6
4411 7 0 1 2 3 4 5 6
4489 7 0 1 2 3 4 5 6
4505 7 0 1 2 3 4 5 6
4563 7 0 1 2 3 4 5 6
4773 7 0 1 2 3 4 5 6
4921 7 0 1 2 3 4 5 6
4923 7 0 1 2 3 4 5 6
23912 7 0 1 2 3 4 5 6
5203 7 0 1 2 3 4 5 6
5357 7 0 1 2 3 4 5 6
5395 7 0 1 2 3 4 5 6
5427 7 0 1 2 3 4 5 6
5479 7 0 1 2 3 4 5 6
5511 7 0 1 2 3 4 5 6
5545 7 0 1 2 3 4 5 6
5575 7 0 1 2 3 4 5 6
5635 7 0 1 2 3 4 5 6
5701 7 0 1 2 3 4 5 6
5751 7 0 1 2 3 4 5 6
24176 7 0 1 2 3 4 5 6
24215 7 0 1 2 3 4 5 6
6005 7 0 1 2 3 4 5 6
6077 7 0 1 2 3 4 5 6
6085 7 0 1 2 3 4 5 6
6357 7 0 1 2 3 4 5 6
6403 7 0 1 2 3 4 5 6
6803 7 0 1 2 3 4 5 6
6819 7 0 1 2 3 4 5 6
6821 7 0 1 2 3 4 5 6
7005 7 0 1 2 3 4 5 6
7073 7 0 1 2 3 4 5 6
24572 7 0 1 2 3 4 5 6
7101 7 0 1 2 3 4 5 6
24584 7 0 1 2 3 4 5 6
7115 7 0 1 2 3 4 5 6
7131 7 0 1 2 3 4 5 6
24629 7 0 1 2 3 4 5 6
7275 7 0 1 2 3 4 5 6
7753 7 0 1 2 3 4 5 6
7847 7 0 1 2 3 4 5 6
8051 7 0 1 2 3 4 5 6
8059 7 0 1 2 3 4 5 6
8085 7 0 1 2 3 4 5 6
8091 7 0 1 2 3 4 5 6
8145 7 0 1 2 3 4 5 6
8163 7 0 1 2 3 4 5 6
24980 7 0 1 2 3 4 5 6
8363 7 0 1 2 3 4 5 6
8549 7 0 1 2 3 4 5 6
8731 7 0 1 2 3 4 5 6
8773 7 0 1 2 3 4 5 6
8839 7 0 1 2 3 4 5 6
9213 7 0 1 2 3 4 5 6
9329 7 0 1 2 3 4 5 6
9341 7 0 1 2 3 4 5 6
9431 7 0 1 2 3 4 5 6
9513 7 0 1 2 3 4 5 6
9615 7 0 1 2 3 4 5 6
9673 7 0 1 2 3 4 5 6
9741 7 0 1 2 3 4 5 6
9759 7 0 1 2 3 4 5 6
9811 7 0 1 2 3 4 5 6
9891 7 0 1 2 3 4 5 6
9961 7 0 1 2 3 4 5 6
10061 7 0 1 2 3 4 5 6
10065 7 0 1 2 3 4 5 6
10299 7 0 1 2 3 4 5 6
10393 7 0 1 2 3 4 5 6
10469 7 0 1 2 3 4 5 6
10547 7 0 1 2 3 4 5 6
10579 7 0 1 2 3 4 5 6
10587 7 0 1 2 3 4 5 6
10603 7 0 1 2 3 4 5 6
10607 7 0 1 2 3 4 5 6
10755 7 0 1 2 3 4 5 6
10939 7 0 1 2 3 4 5 6
11329 7 0 1 2 3 4 5 6
11355 7 0 1 2 3 4 5 6
11807 7 0 1 2 3 4 5 6
11871 7 0 1 2 3 4 5 6
12041 7 0 1 2 3 4 5 6
12155 7 0 1 2 3 4 5 6
12259 7 0 1 2 3 4 5 6
26360 7 0 1 2 3 4 5 6
12455 7 0 1 2 3 4 5 6
12471 7 0 1 2 3 4 5 6
12695 7 0 1 2 3 4 5 6
12721 7 0 1 2 3 4 5 6
26552 7 0 1 2 3 4 5 6
12817 7 0 1 2 3 4 5 6
12861 7 0 1 2 3 4 5 6
12893 7 0 1 2 3 4 5 6
13003 7 0 1 2 3 4 5 6
13015 7 0 1 2 3 4 5 6
13021 7 0 1 2 3 4 5 6
13137 7 0 1 2 3 4 5 6
13185 7 0 1 2 3 4 5 6
13229 7 0 1 2 3 4 5 6
13453 7 0 1 2 3 4 5 6
13497 7 0 1 2 3 4 5 6
26795 7 0 1 2 3 4 5 6
13785 7 0 1 2 3 4 5 6
13847 7 0 1 2 3 4 5 6
13901 7 0 1 2 3 4 5 6
13957 7 0 1 2 3 4 5 6
13997 7 0 1 2 3 4 5 6
14089 7 0 1 2 3 4 5 6
14149 7 0 1 2 3 4 5 6
14191 7 0 1 2 3 4 5 6
14225 7 0 1 2 3 4 5 6
27185 7 0 1 2 3 4 5 6
14631 7 0 1 2 3 4 5 6
14775 7 0 1 2 3 4 5 6
14825 7 0 1 2 3 4 5 6
27305 7 0 1 2 3 4 5 6
15095 7 0 1 2 3 4 5 6
27395 7 0 1 2 3 4 5 6
15307 7 0 1 2 3 4 5 6
15585 7 0 1 2 3 4 5 6
15795 7 0 1 2 3 4 5 6
15911 7 0 1 2 3 4 5 6
15977 7 0 1 2 3 4 5 6
15993 7 0 1 2 3 4 5 6
27866 7 0 1 2 3 4 5 6
16073 7 0 1 2 3 4 5 6
16189 7 0 1 2 3 4 5 6
27959 7 0 1 2 3 4 5 6
16237 7 0 1 2 3 4 5 6
16261 7 0 1 2 3 4 5 6
16313 7 0 1 2 3 4 5 6
16437 7 0 1 2 3 4 5 6
28025 7 0 1 2 3 4 5 6
16513 7 0 1 2 3 4 5 6
16523 7 0 1 2 3 4 5 6
16549 7 0 1 2 3 4 5 6
28103 7 0 1 2 3 4 5 6
16851 7 0 1 2 3 4 5 6
17007 7 0 1 2 3 4 5 6
17047 7 0 1 2 3 4 5 6
17147 7 0 1 2 3 4 5 6
17241 7 0 1 2 3 4 5 6
28349 7 0 1 2 3 4 5 6
17277 7 0 1 2 3 4 5 6
17303 7 0 1 2 3 4 5 6
17343 7 0 1 2 3 4 5 6
17517 7 0 1 2 3 4 5 6
17655 7 0 1 2 3 4 5 6
17691 7 0 1 2 3 4 5 6
17825 7 0 1 2 3 4 5 6
17971 7 0 1 2 3 4 5 6
18247 7 0 1 2 3 4 5 6
18307 7 0 1 2 3 4 5 6
18377 7 0 1 2 3 4 5 6
18379 7 0 1 2 3 4 5 6
31028 7 0 1 2 3 4 5 6
18425 7 0 1 2 3 4 5 6
18509 7 0 1 2 3 4 5 6
18727 7 0 1 2 3 4 5 6
28916 7 0 1 2 3 4 5 6
18853 7 0 1 2 3 4 5 6
29030 7 0 1 2 3 4 5 6
19155 7 0 1 2 3 4 5 6
29072 7 0 1 2 3 4 5 6
31092 7 0 1 2 3 4 5 6
31116 7 0 1 2 3 4 5 6
19617 7 0 1 2 3 4 5 6
19641 7 0 1 2 3 4 5 6
29252 7 0 1 2 3 4 5 6
19895 7 0 1 2 3 4 5 6
20023 7 0 1 2 3 4 5 6
29330 7 0 1 2 3 4 5 6
29342 7 0 1 2 3 4 5 6
20151 7 0 1 2 3 4 5 6
20309 7 0 1 2 3 4 5 6
20335 7 0 1 2 3 4 5 6
20357 7 0 1 2 3 4 5 6
29519 7 0 1 2 3 4 5 6
29522 7 0 1 2 3 4 5 6
29537 7 0 1 2 3 4 5 6
29588 7 0 1 2 3 4 5 6
20687 7 0 1 2 3 4 5 6
20729 7 0 1 2 3 4 5 6
20893 7 0 1 2 3 4 5 6
20961 7 0 1 2 3 4 5 6
21219 7 0 1 2 3 4 5 6
29888 7 0 1 2 3 4 5 6
21429 7 0 1 2 3 4 5 6
21577 7 0 1 2 3 4 5 6
21647 7 0 1 2 3 4 5 6
21823 7 0 1 2 3 4 5 6
21887 7 0 1 2 3 4 5 6
22559 4 1 2 3 4
1675 4 1 2 3 4
2439 4 1 2 3 4
3823 4 1 2 3 4
4031 4 1 2 3 4
9429 4 1 2 3 4
10675 4 1 2 3 4
20077 4 1 2 3 4
20225 4 1 2 3 4
21201 4 1 2 3 4
21461 4 1 2 3 4
21975 4 1 2 3 4
22227 4 1 2 3 4
47 1 2
137 1 2
433 1 2
793 1 2
1403 1 2
2055 1 2
22937 1 2
2597 1 2
23150 1 2
2851 1 2
3149 1 2
3179 1 2
23246 1 2
3193 1 2
3617 1 2
3841 1 2
4393 1 2
6251 1 2
6637 1 2
7029 1 2
7733 1 2
24887 1 2
9921 1 2
25517 1 2
10343 1 2
10487 1 2
10777 1 2
10803 1 2
11333 1 2
12261 1 2
12819 1 2
12931 1 2
13225 1 2
26861 1 2
13883 1 2
14065 1 2
27332 1 2
15079 1 2
15201 1 2
27506 1 2
15341 1 2
16735 1 2
17673 1 2
17675 1 2
18161 1 2
28946 1 2
18981 1 2
19375 1 2
19529 1 2
19907 1 2
20177 1 2
20827 1 2
21439 1 2
21543 1 2
167 2 3 4
1699 2 3 4
1883 2 3 4
2841 2 3 4
4207 2 3 4
4611 2 3 4
4695 2 3 4
4819 2 3 4
6021 2 3 4
6697 2 3 4
7653 2 3 4
8597 2 3 4
8733 2 3 4
10007 2 3 4
11115 2 3 4
13053 2 3 4
13063 2 3 4
30752 2 3 4
14313 2 3 4
14583 2 3 4
15769 2 3 4
16275 2 3 4
17759 2 3 4
28748 2 3 4
18553 2 3 4
18733 2 3 4
19279 2 3 4
20421 2 3 4
20515 2 3 4
85 1 4
371 1 4
695 1 4
1063 1 4
1505 1 4
1697 1 4
2019 1 4
2233 1 4
2533 1 4
2707 1 4
2751 1 4
2773 1 4
23369 1 4
3771 1 4
23453 1 4
23516 1 4
4365 1 4
5419 1 4
5727 1 4
24227 1 4
6265 1 4
6661 1 4
24755 1 4
24767 1 4
7735 1 4
7843 1 4
24863 1 4
8235 1 4
8271 1 4
8277 1 4
8641 1 4
8887 1 4
9663 1 4
9729 1 4
10329 1 4
25631 1 4
11351 1 4
12137 1 4
26345 1 4
12737 1 4
13699 1 4
13715 1 4
13781 1 4
13903 1 4
30820 1 4
16147 1 4
16421 1 4
28079 1 4
28463 1 4
17531 1 4
17625 1 4
28709 1 4
18259 1 4
18267 1 4
28736 1 4
18355 1 4
28859 1 4
18797 1 4
19349 1 4
19605 1 4
19951 1 4
20009 1 4
20045 1 4
20351 1 4
20409 1 4
20555 1 4
21835 1 4
205 2 5 6
289 2 5 6
565 2 5 6
2721 2 5 6
2759 2 5 6
3035 2 5 6
3103 2 5 6
3105 2 5 6
4861 2 5 6
5205 2 5 6
24080 2 5 6
5703 2 5 6
6231 2 5 6
25250 2 5 6
10029 2 5 6
25562 2 5 6
10669 2 5 6
11561 2 5 6
11921 2 5 6
26153 2 5 6
12079 2 5 6
30712 2 5 6
12677 2 5 6
26939 2 5 6
15147 2 5 6
15401 2 5 6
15457 2 5 6
17293 2 5 6
17329 2 5 6
17331 2 5 6
17609 2 5 6
28544 2 5 6
18403 2 5 6
28910 2 5 6
18993 2 5 6
20423 2 5 6
29552 2 5 6
20829 2 5 6
21455 2 5 6
21553 2 5 6
21877 2 5 6
21911 2 5 6
451 1 6
22484 1 6
1301 1 6
2979 1 6
3195 1 6
3713 1 6
3873 1 6
3897 1 6
4011 1 6
4805 1 6
6439 1 6
8339 1 6
8539 1 6
8599 1 6
30512 1 6
8975 1 6
9661 1 6
10357 1 6
11031 1 6
12911 1 6
26765 1 6
26948 1 6
14215 1 6
14657 1 6
15553 1 6
16775 1 6
17483 1 6
18809 1 6
19889 1 6
20835 1 6
21801 1 6
22412 3 7 8 9
22427 3 7 8 9
623 3 7 8 9
993 3 7 8 9
1683 3 7 8 9
22913 3 7 8 9
2731 3 7 8 9
2847 3 7 8 9
3507 3 7 8 9
3633 3 7 8 9
4417 3 7 8 9
4499 3 7 8 9
24185 3 7 8 9
6141 3 7 8 9
6275 3 7 8 9
6815 3 7 8 9
8039 3 7 8 9
8341 3 7 8 9
25055 3 7 8 9
9355 3 7 8 9
9379 3 7 8 9
9619 3 7 8 9
9947 3 7 8 9
10077 3 7 8 9
10505 3 7 8 9
25745 3 7 8 9
10943 3 7 8 9
11605 3 7 8 9
11961 3 7 8 9
26294 3 7 8 9
12885 3 7 8 9
13531 3 7 8 9
13829 3 7 8 9
14283 3 7 8 9
15195 3 7 8 9
15321 3 7 8 9
16583 3 7 8 9
17965 3 7 8 9
18751 3 7 8 9
18755 3 7 8 9
19019 3 7 8 9
19869 3 7 8 9
29282 3 7 8 9
20153 3 7 8 9
20759 3 7 8 9
29696 3 7 8 9
20983 3 7 8 9
29840 3 7 8 9
29876 3 7 8 9
21487 3 7 8 9
22355 2 8 9
951 2 8 9
1237 2 8 9
22715 2 8 9
1601 2 8 9
22805 2 8 9
2075 2 8 9
23273 2 8 9
3889 2 8 9
4003 2 8 9
4429 2 8 9
4775 2 8 9
4917 2 8 9
5077 2 8 9
5393 2 8 9
5699 2 8 9
6029 2 8 9
6653 2 8 9
6663 2 8 9
6831 2 8 9
7875 2 8 9
24917 2 8 9
8317 2 8 9
8511 2 8 9
8579 2 8 9
9477 2 8 9
9657 2 8 9
10911 2 8 9
11061 2 8 9
12701 2 8 9
26651 2 8 9
13813 2 8 9
13873 2 8 9
14007 2 8 9
26996 2 8 9
30816 2 8 9
27320 2 8 9
15825 2 8 9
16063 2 8 9
16283 2 8 9
17363 2 8 9
17927 2 8 9
28658 2 8 9
18225 2 8 9
20197 2 8 9
20497 2 8 9
20527 2 8 9
20891 2 8 9
21199 2 8 9
21907 2 8 9
917 1 9
3009 1 9
4413 1 9
10523 1 9
12013 1 9
14235 1 9
17085 1 9
18139 1 9
19861 1 9
20705 1 9
21635 1 9
22334 2 10 11
431 2 10 11
515 2 10 11
887 2 10 11
1027 2 10 11
1147 2 10 11
1311 2 10 11
22778 2 10 11
1631 2 10 11
1649 2 10 11
1785 2 10 11
1971 2 10 11
22928 2 10 11
2467 2 10 11
23012 2 10 11
2507 2 10 11
2963 2 10 11
3063 2 10 11
3519 2 10 11
4077 2 10 11
4479 2 10 11
23894 2 10 11
5083 2 10 11
5385 2 10 11
24062 2 10 11
5429 2 10 11
5695 2 10 11
6023 2 10 11
6063 2 10 11
6065 2 10 11
6067 2 10 11
24320 2 10 11
6425 2 10 11
24437 2 10 11
6769 2 10 11
7091 2 10 11
24596 2 10 11
7677 2 10 11
8333 2 10 11
8459 2 10 11
8853 2 10 11
8931 2 10 11
9335 2 10 11
9763 2 10 11
9833 2 10 11
10057 2 10 11
10233 2 10 11
10283 2 10 11
10385 2 10 11
10575 2 10 11
10949 2 10 11
11511 2 10 11
11555 2 10 11
11565 2 10 11
11805 2 10 11
11895 2 10 11
11947 2 10 11
12043 2 10 11
12465 2 10 11
26426 2 10 11
12555 2 10 11
26531 2 10 11
13103 2 10 11
13477 2 10 11
13485 2 10 11
13593 2 10 11
26822 2 10 11
26885 2 10 11
14031 2 10 11
30772 2 10 11
14607 2 10 11
14645 2 10 11
14713 2 10 11
14827 2 10 11
27326 2 10 11
27338 2 10 11
15191 2 10 11
15285 2 10 11
15501 2 10 11
15515 2 10 11
15531 2 10 11
15901 2 10 11
16091 2 10 11
27908 2 10 11
16211 2 10 11
16245 2 10 11
16423 2 10 11
30932 2 10 11
16627 2 10 11
16953 2 10 11
16985 2 10 11
17299 2 10 11
17589 2 10 11
28730 2 10 11
18439 2 10 11
19275 2 10 11
19931 2 10 11
20207 2 10 11
20415 2 10 11
20937 2 10 11
21097 2 10 11
21185 2 10 11
21507 2 10 11
29945 2 10 11
21591 2 10 11
22169 2 10 11
22502 1 11
7105 1 11
7803 1 11
7955 1 11
8097 1 11
8273 1 11
25454 1 11
10311 1 11
12523 1 11
13845 1 11
30860 1 11
18537 1 11
20785 1 11
868 28 12 13 14 15 16 17 18 19 20 21 22 23 24 25 26 27 28 29 30 31 32 33 34 35 36 37 38 39
1266 28 12 13 14 15 16 17 18 19 20 21 22 23 24 25 26 27 28 29 30 31 32 33 34 35 36 37 38 39
1506 28 12 13 14 15 16 17 18 19 20 21 22 23 24 25 26 27 28 29 30 31 32 33 34 35 36 37 38 39
22900 28 12 13 14 15 16 17 18 19 20 21 22 23 24 25 26 27 28 29 30 31 32 33 34 35 36 37 38 39
2198 28 12 13 14 15 16 17 18 19 20 21 22 23 24 25 26 27 28 29 30 31 32 33 34 35 36 37 38 39
2494 28 12 13 14 15 16 17 18 19 20 21 22 23 24 25 26 27 28 29 30 31 32 33 34 35 36 37 38 39
2810 28 12 13 14 15 16 17 18 19 20 21 22 23 24 25 26 27 28 29 30 31 32 33 34 35 36 37 38 39
2814 28 12 13 14 15 16 17 18 19 20 21 22 23 24 25 26 27 28 29 30 31 32 33 34 35 36 37 38 39
2848 28 12 13 14 15 16 17 18 19 20 21 22 23 24 25 26 27 28 29 30 31 32 33 34 35 36 37 38 39
23179 28 12 13 14 15 16 17 18 19 20 21 22 23 24 25 26 27 28 29 30 31 32 33 34 35 36 37 38 39
3248 28 12 13 14 15 16 17 18 19 20 21 22 23 24 25 26 27 28 29 30 31 32 33 34 35 36 37 38 39
3358 28 12 13 14 15 16 17 18 19 20 21 22 23 24 25 26 27 28 29 30 31 32 33 34 35 36 37 38 39
3658 28 12 13 14 15 16 17 18 19 20 21 22 23 24 25 26 27 28 29 30 31 32 33 34 35 36 37 38 39
4096 28 12 13 14 15 16 17 18 19 20 21 22 23 24 25 26 27 28 29 30 31 32 33 34 35 36 37 38 39
5104 28 12 13 14 15 16 17 18 19 20 21 22 23 24 25 26 27 28 29 30 31 32 33 34 35 36 37 38 39
5604 28 12 13 14 15 16 17 18 19 20 21 22 23 24 25 26 27 28 29 30 31 32 33 34 35 36 37 38 39
5800 28 12 13 14 15 16 17 18 19 20 21 22 23 24 25 26 27 28 29 30 31 32 33 34 35 36 37 38 39
5880 28 12 13 14 15 16 17 18 19 20 21 22 23 24 25 26 27 28 29 30 31 32 33 34 35 36 37 38 39
6024 28 12 13 14 15 16 17 18 19 20 21 22 23 24 25 26 27 28 29 30 31 32 33 34 35 36 37 38 39
6316 28 12 13 14 15 16 17 18 19 20 21 22 23 24 25 26 27 28 29 30 31 32 33 34 35 36 37 38 39
6370 28 12 13 14 15 16 17 18 19 20 21 22 23 24 25 26 27 28 29 30 31 32 33 34 35 36 37 38 39
6452 28 12 13 14 15 16 17 18 19 20 21 22 23 24 25 26 27 28 29 30 31 32 33 34 35 36 37 38 39
6642 28 12 13 14 15 16 17 18 19 20 21 22 23 24 25 26 27 28 29 30 31 32 33 34 35 36 37 38 39
7064 28 12 13 14 15 16 17 18 19 20 21 22 23 24 25 26 27 28 29 30 31 32 33 34 35 36 37 38 39
7650 28 12 13 14 15 16 17 18 19 20 21 22 23 24 25 26 27 28 29 30 31 32 33 34 35 36 37 38 39
8170 28 12 13 14 15 16 17 18 19 20 21 22 23 24 25 26 27 28 29 30 31 32 33 34 35 36 37 38 39
9432 28 12 13 14 15 16 17 18 19 20 21 22 23 24 25 26 27 28 29 30 31 32 33 34 35 36 37 38 39
9480 28 12 13 14 15 16 17 18 19 20 21 22 23 24 25 26 27 28 29 30 31 32 33 34 35 36 37 38 39
25315 28 12 13 14 15 16 17 18 19 20 21 22 23 24 25 26 27 28 29 30 31 32 33 34 35 36 37 38 39
10030 28 12 13 14 15 16 17 18 19 20 21 22 23 24 25 26 27 28 29 30 31 32 33 34 35 36 37 38 39
10860 28 12 13 14 15 16 17 18 19 20 21 22 23 24 25 26 27 28 29 30 31 32 33 34 35 36 37 38 39
12218 28 12 13 14 15 16 17 18 19 20 21 22 23 24 25 26 27 28 29 30 31 32 33 34 35 36 37 38 39
12456 28 12 13 14 15 16 17 18 19 20 21 22 23 24 25 26 27 28 29 30 31 32 33 34 35 36 37 38 39
13738 28 12 13 14 15 16 17 18 19 20 21 22 23 24 25 26 27 28 29 30 31 32 33 34 35 36 37 38 39
14128 28 12 13 14 15 16 17 18 19 20 21 22 23 24 25 26 27 28 29 30 31 32 33 34 35 36 37 38 39
14232 28 12 13 14 15 16 17 18 19 20 21 22 23 24 25 26 27 28 29 30 31 32 33 34 35 36 37 38 39
14564 28 12 13 14 15 16 17 18 19 20 21 22 23 24 25 26 27 28 29 30 31 32 33 34 35 36 37 38 39
14768 28 12 13 14 15 16 17 18 19 20 21 22 23 24 25 26 27 28 29 30 31 32 33 34 35 36 37 38 39
15066 28 12 13 14 15 16 17 18 19 20 21 22 23 24 25 26 27 28 29 30 31 32 33 34 35 36 37 38 39
15192 28 12 13 14 15 16 17 18 19 20 21 22 23 24 25 26 27 28 29 30 31 32 33 34 35 36 37 38 39
27493 28 12 13 14 15 16 17 18 19 20 21 22 23 24 25 26 27 28 29 30 31 32 33 34 35 36 37 38 39
15954 28 12 13 14 15 16 17 18 19 20 21 22 23 24 25 26 27 28 29 30 31 32 33 34 35 36 37 38 39
28096 28 12 13 14 15 16 17 18 19 20 21 22 23 24 25 26 27 28 29 30 31 32 33 34 35 36 37 38 39
16712 28 12 13 14 15 16 17 18 19 20 21 22 23 24 25 26 27 28 29 30 31 32 33 34 35 36 37 38 39
17668 28 12 13 14 15 16 17 18 19 20 21 22 23 24 25 26 27 28 29 30 31 32 33 34 35 36 37 38 39
18458 28 12 13 14 15 16 17 18 19 20 21 22 23 24 25 26 27 28 29 30 31 32 33 34 35 36 37 38 39
19022 28 12 13 14 15 16 17 18 19 20 21 22 23 24 25 26 27 28 29 30 31 32 33 34 35 36 37 38 39
29173 28 12 13 14 15 16 17 18 19 20 21 22 23 24 25 26 27 28 29 30 31 32 33 34 35 36 37 38 39
19976 28 12 13 14 15 16 17 18 19 20 21 22 23 24 25 26 27 28 29 30 31 32 33 34 35 36 37 38 39
20406 28 12 13 14 15 16 17 18 19 20 21 22 23 24 25 26 27 28 29 30 31 32 33 34 35 36 37 38 39
20464 28 12 13 14 15 16 17 18 19 20 21 22 23 24 25 26 27 28 29 30 31 32 33 34 35 36 37 38 39
21038 28 12 13 14 15 16 17 18 19 20 21 22 23 24 25 26 27 28 29 30 31 32 33 34 35 36 37 38 39
21260 28 12 13 14 15 16 17 18 19 20 21 22 23 24 25 26 27 28 29 30 31 32 33 34 35 36 37 38 39
21638 28 12 13 14 15 16 17 18 19 20 21 22 23 24 25 26 27 28 29 30 31 32 33 34 35 36 37 38 39
22250 28 12 13 14 15 16 17 18 19 20 21 22 23 24 25 26 27 28 29 30 31 32 33 34 35 36 37 38 39
413 5 13 14 15 16 17
467 5 13 14 15 16 17
22823 5 13 14 15 16 17
2791 5 13 14 15 16 17
3759 5 13 14 15 16 17
4203 5 13 14 15 16 17
23879 5 13 14 15 16 17
4963 5 13 14 15 16 17
5101 5 13 14 15 16 17
7395 5 13 14 15 16 17
7675 5 13 14 15 16 17
25028 5 13 14 15 16 17
9609 5 13 14 15 16 17
10251 5 13 14 15 16 17
25538 5 13 14 15 16 17
11065 5 13 14 15 16 17
11171 5 13 14 15 16 17
11327 5 13 14 15 16 17
11347 5 13 14 15 16 17
11439 5 13 14 15 16 17
11893 5 13 14 15 16 17
13211 5 13 14 15 16 17
13529 5 13 14 15 16 17
14071 5 13 14 15 16 17
15173 5 13 14 15 16 17
16333 5 13 14 15 16 17
16503 5 13 14 15 16 17
30972 5 13 14 15 16 17
17817 5 13 14 15 16 17
28940 5 13 14 15 16 17
28985 5 13 14 15 16 17
31080 5 13 14 15 16 17
19255 5 13 14 15 16 17
29105 5 13 14 15 16 17
19487 5 13 14 15 16 17
19671 5 13 14 15 16 17
20631 5 13 14 15 16 17
21799 5 13 14 15 16 17
21881 5 13 14 15 16 17
22115 5 13 14 15 16 17
1593 2 14 15
3353 2 14 15
4821 2 14 15
6493 2 14 15
9713 2 14 15
10735 2 14 15
25733 2 14 15
13059 2 14 15
13141 2 14 15
13881 2 14 15
14843 2 14 15
15151 2 14 15
27464 2 14 15
15759 2 14 15
27827 2 14 15
16197 2 14 15
17973 2 14 15
19963 2 14 15
29717 2 14 15
29957 2 14 15
679 1 15
975 1 15
1003 1 15
1875 1 15
4937 1 15
24032 1 15
24194 1 15
6409 1 15
6437 1 15
24833 1 15
9573 1 15
10267 1 15
10429 1 15
11073 1 15
26573 1 15
13233 1 15
14723 1 15
16083 1 15
27926 1 15
16179 1 15
16285 1 15
28073 1 15
17137 1 15
17297 1 15
17861 1 15
18657 1 15
19881 1 15
20179 1 15
29633 1 15
29750 1 15
21111 1 15
21359 1 15
21503 1 15
589 2 16 17
2445 2 16 17
23018 2 16 17
23027 2 16 17
4619 2 16 17
4915 2 16 17
5895 2 16 17
24275 2 16 17
10473 2 16 17
13599 2 16 17
14205 2 16 17
523 1 17
791 1 17
1969 1 17
2461 1 17
3211 1 17
3541 1 17
4973 1 17
5473 1 17
5737 1 17
24752 1 17
7837 1 17
8513 1 17
8581 1 17
9855 1 17
25868 1 17
13749 1 17
14069 1 17
14495 1 17
14625 1 17
27209 1 17
15205 1 17
15211 1 17
16743 1 17
17885 1 17
17925 1 17
31040 1 17
29243 1 17
19897 1 17
21751 1 17
21857 1 17
21955 1 17
361 3 18 19 20
1283 3 18 19 20
1371 3 18 19 20
1865 3 18 19 20
2119 3 18 19 20
2335 3 18 19 20
2499 3 18 19 20
3111 3 18 19 20
3259 3 18 19 20
3283 3 18 19 20
4401 3 18 19 20
4767 3 18 19 20
7251 3 18 19 20
7381 3 18 19 20
7517 3 18 19 20
8027 3 18 19 20
8461 3 18 19 20
8659 3 18 19 20
8755 3 18 19 20
9301 3 18 19 20
9479 3 18 19 20
9557 3 18 19 20
10457 3 18 19 20
10459 3 18 19 20
10821 3 18 19 20
10923 3 18 19 20
11121 3 18 19 20
11337 3 18 19 20
25967 3 18 19 20
11693 3 18 19 20
26117 3 18 19 20
12253 3 18 19 20
12435 3 18 19 20
12451 3 18 19 20
12571 3 18 19 20
12585 3 18 19 20
26516 3 18 19 20
12951 3 18 19 20
13857 3 18 19 20
14295 3 18 19 20
27614 3 18 19 20
15627 3 18 19 20
16137 3 18 19 20
16205 3 18 19 20
28268 3 18 19 20
17251 3 18 19 20
30996 3 18 19 20
18359 3 18 19 20
19261 3 18 19 20
19269 3 18 19 20
20295 3 18 19 20
20767 3 18 19 20
21031 3 18 19 20
29786 3 18 19 20
21423 3 18 19 20
29924 3 18 19 20
21623 3 18 19 20
21627 3 18 19 20
22011 3 18 19 20
30155 3 18 19 20
22135 3 18 19 20
30173 3 18 19 20
22241 3 18 19 20
123 2 19 20
557 2 19 20
1229 2 19 20
2241 2 19 20
2909 2 19 20
3213 2 19 20
7641 2 19 20
25865 2 19 20
12295 2 19 20
26477 2 19 20
15245 2 19 20
27584 2 19 20
16945 2 19 20
21811 2 19 20
95 1 20
645 1 20
22886 1 20
23336 1 20
3637 1 20
4073 1 20
23942 1 20
5531 1 20
6961 1 20
7207 1 20
25391 1 20
10835 1 20
25730 1 20
26375 1 20
27236 1 20
15807 1 20
16001 1 20
17123 1 20
17515 1 20
29093 1 20
21539 1 20
22079 1 20
159 8 21 22 23 24 25 26 27 28
1053 8 21 22 23 24 25 26 27 28
3015 8 21 22 23 24 25 26 27 28
3167 8 21 22 23 24 25 26 27 28
23483 8 21 22 23 24 25 26 27 28
23573 8 21 22 23 24 25 26 27 28
23639 8 21 22 23 24 25 26 27 28
4271 8 21 22 23 24 25 26 27 28
4403 8 21 22 23 24 25 26 27 28
5879 8 21 22 23 24 25 26 27 28
6017 8 21 22 23 24 25 26 27 28
24731 8 21 22 23 24 25 26 27 28
25469 8 21 22 23 24 25 26 27 28
10421 8 21 22 23 24 25 26 27 28
12697 8 21 22 23 24 25 26 27 28
13801 8 21 22 23 24 25 26 27 28
15613 8 21 22 23 24 25 26 27 28
18761 8 21 22 23 24 25 26 27 28
19295 8 21 22 23 24 25 26 27 28
20577 8 21 22 23 24 25 26 27 28
20733 8 21 22 23 24 25 26 27 28
21065 8 21 22 23 24 25 26 27 28
29984 8 21 22 23 24 25 26 27 28
21803 8 21 22 23 24 25 26 27 28
22451 2 22 23
1489 2 22 23
22754 2 22 23
22826 2 22 23
2911 2 22 23
3589 2 22 23
23762 2 22 23
23813 2 22 23
5329 2 22 23
5573 2 22 23
5795 2 22 23
6677 2 22 23
8237 2 22 23
9295 2 22 23
9417 2 22 23
9653 2 22 23
11331 2 22 23
26390 2 22 23
12857 2 22 23
13439 2 22 23
26807 2 22 23
14671 2 22 23
27272 2 22 23
14921 2 22 23
15413 2 22 23
15763 2 22 23
27863 2 22 23
16027 2 22 23
28130 2 22 23
16811 2 22 23
17117 2 22 23
17217 2 22 23
17271 2 22 23
17509 2 22 23
17991 2 22 23
18453 2 22 23
20103 2 22 23
20199 2 22 23
20655 2 22 23
21095 2 22 23
21259 2 22 23
21537 2 22 23
21659 2 22 23
21845 2 22 23
21855 2 22 23
22131 2 22 23
37 1 23
63 1 23
509 1 23
1491 1 23
1585 1 23
2209 1 23
2549 1 23
3855 1 23
5609 1 23
6083 1 23
6377 1 23
6385 1 23
24515 1 23
6989 1 23
7433 1 23
9285 1 23
9551 1 23
10383 1 23
12189 1 23
12319 1 23
12551 1 23
14499 1 23
15575 1 23
16967 1 23
17639 1 23
18621 1 23
19153 1 23
19983 1 23
20167 1 23
20353 1 23
29585 1 23
20585 1 23
20639 1 23
21545 1 23
30152 1 23
77 1 24
2313 1 24
2703 1 24
4513 1 24
5079 1 24
24263 1 24
6843 1 24
8879 1 24
9233 1 24
30548 1 24
25607 1 24
10719 1 24
10789 1 24
12773 1 24
27020 1 24
15461 1 24
16355 1 24
17143 1 24
18219 1 24
19851 1 24
21941 1 24
22141 1 24
23252 4 25 26 27 28
5523 4 25 26 27 28
6717 4 25 26 27 28
13127 4 25 26 27 28
31008 4 25 26 27 28
1243 1 26
2217 1 26
24191 1 26
6467 1 26
6545 1 26
7047 1 26
9939 1 26
10741 1 26
11047 1 26
11103 1 26
27974 1 26
16489 1 26
21777 1 26
21833 1 26
343 2 27 28
23375 2 27 28
4343 2 27 28
5371 2 27 28
5607 2 27 28
24236 2 27 28
7097 2 27 28
8743 2 27 28
8951 2 27 28
10327 2 27 28
11907 2 27 28
26258 2 27 28
26405 2 27 28
15179 2 27 28
15549 2 27 28
16383 2 27 28
17549 2 27 28
28499 2 27 28
17835 2 27 28
29393 2 27 28
22003 2 27 28
22225 2 27 28
3081 1 28
6417 1 28
13769 1 28
21399 1 28
22051 1 28
5841 4 29 30 31 32
24506 4 29 30 31 32
7093 4 29 30 31 32
7421 4 29 30 31 32
7861 4 29 30 31 32
8673 4 29 30 31 32
9309 4 29 30 31 32
10613 4 29 30 31 32
26222 4 29 30 31 32
14217 4 29 30 31 32
30800 4 29 30 31 32
14519 4 29 30 31 32
14773 4 29 30 31 32
27299 4 29 30 31 32
15353 4 29 30 31 32
27824 4 29 30 31 32
17131 4 29 30 31 32
28652 4 29 30 31 32
19995 4 29 30 31 32
20239 4 29 30 31 32
29543 4 29 30 31 32
20599 4 29 30 31 32
21165 4 29 30 31 32
29960 4 29 30 31 32
22697 3 30 31 32
1685 3 30 31 32
5177 3 30 31 32
5583 3 30 31 32
24233 3 30 31 32
6311 3 30 31 32
9201 3 30 31 32
10531 3 30 31 32
10627 3 30 31 32
10909 3 30 31 32
12019 3 30 31 32
13981 3 30 31 32
27131 3 30 31 32
27197 3 30 31 32
15849 3 30 31 32
17003 3 30 31 32
17255 3 30 31 32
17319 3 30 31 32
28988 3 30 31 32
19939 3 30 31 32
20663 3 30 31 32
22089 3 30 31 32
1399 1 31
22922 1 31
2069 1 31
2151 1 31
2875 1 31
3819 1 31
6825 1 31
27806 1 31
16777 1 31
21815 1 31
22373 1 32
22442 1 32
443 1 32
22532 1 32
891 1 32
901 1 32
1967 1 32
1987 1 32
2183 1 32
2329 1 32
2557 1 32
23120 1 32
2835 1 32
3733 1 32
3849 1 32
4825 1 32
23858 1 32
5305 1 32
5601 1 32
5613 1 32
6719 1 32
7195 1 32
7671 1 32
7845 1 32
8003 1 32
25061 1 32
8727 1 32
25154 1 32
9753 1 32
11313 1 32
12309 1 32
12693 1 32
12825 1 32
13645 1 32
13793 1 32
14171 1 32
14399 1 32
14785 1 32
15337 1 32
15427 1 32
15523 1 32
27911 1 32
16279 1 32
16555 1 32
16731 1 32
16831 1 32
28253 1 32
18185 1 32
18193 1 32
18775 1 32
19305 1 32
29606 1 32
20653 1 32
20727 1 32
21003 1 32
21245 1 32
21337 1 32
22147 1 32
22358 4 33 34 35 36
423 4 33 34 35 36
867 4 33 34 35 36
1841 4 33 34 35 36
26240 4 33 34 35 36
30856 4 33 34 35 36
15915 4 33 34 35 36
69 3 34 35 36
1377 3 34 35 36
1549 3 34 35 36
1587 3 34 35 36
2353 3 34 35 36
2451 3 34 35 36
2787 3 34 35 36
3269 3 34 35 36
3309 3 34 35 36
3505 3 34 35 36
3753 3 34 35 36
4743 3 34 35 36
4795 3 34 35 36
6221 3 34 35 36
6855 3 34 35 36
7507 3 34 35 36
8863 3 34 35 36
10375 3 34 35 36
10935 3 34 35 36
11505 3 34 35 36
12153 3 34 35 36
14183 3 34 35 36
15013 3 34 35 36
27410 3 34 35 36
15817 3 34 35 36
16581 3 34 35 36
16877 3 34 35 36
18491 3 34 35 36
18845 3 34 35 36
21307 3 34 35 36
21319 3 34 35 36
619 1 35
1315 1 35
1365 1 35
4741 1 35
23852 1 35
30400 1 35
8115 1 35
9805 1 35
10271 1 35
15293 1 35
16235 1 35
17841 1 35
20307 1 35
22247 1 35
839 1 36
897 1 36
3221 1 36
4557 1 36
5803 1 36
7155 1 36
7271 1 36
7709 1 36
8631 1 36
25112 1 36
25148 1 36
8925 1 36
25583 1 36
26501 1 36
12977 1 36
14107 1 36
14629 1 36
16691 1 36
28271 1 36
17393 1 36
19537 1 36
29309 1 36
20651 1 36
21209 1 36
21967 1 36
24158 1 37
6541 1 37
15907 1 37
15995 1 37
19055 1 37
20085 1 37
21451 1 37
560 2 38 39
22789 2 38 39
3046 2 38 39
5326 2 38 39
8896 2 38 39
11494 2 38 39
12338 2 38 39
17478 2 38 39
107 1 39
199 1 39
853 1 39
1551 1 39
1557 1 39
2227 1 39
30304 1 39
23891 1 39
5711 1 39
24299 1 39
6967 1 39
7053 1 39
8149 1 39
8327 1 39
9711 1 39
9773 1 39
9893 1 39
10245 1 39
13861 1 39
14855 1 39
15045 1 39
15889 1 39
15909 1 39
28121 1 39
18995 1 39
20745 1 39
21739 1 39
269 1 40
469 1 40
1185 1 40
1429 1 40
22802 1 40
1741 1 40
2215 1 40
2711 1 40
3233 1 40
3533 1 40
3909 1 40
4025 1 40
4239 1 40
4259 1 40
4783 1 40
23966 1 40
6043 1 40
6393 1 40
7307 1 40
7523 1 40
7825 1 40
8741 1 40
8819 1 40
9347 1 40
9667 1 40
9917 1 40
10027 1 40
10445 1 40
10515 1 40
11029 1 40
11053 1 40
11343 1 40
11447 1 40
12563 1 40
26492 1 40
12809 1 40
13479 1 40
13741 1 40
13999 1 40
14535 1 40
27215 1 40
27953 1 40
16871 1 40
16873 1 40
28346 1 40
17323 1 40
17915 1 40
18017 1 40
18547 1 40
19317 1 40
29162 1 40
19945 1 40
20049 1 40
20089 1 40
20701 1 40
20735 1 40
29666 1 40
20861 1 40
21115 1 40
21463 1 40
31224 1 40
21953 1 40
