reading done
729 107
Number of samples: 50
weight 3 2916 729.0 0.0 104.14295714285714 0.0001 1041429.0
0
Average 0.0
weight 3 2916 729.0 111.98 88.14581428571428 37.32676666666667 2.0
0
Average 111.98
0
running_prior_SNP_LDA 1 0.01
7
running
[    0     6    11 34630    20     5 32071 41877    16    14     8     3
     2 24244   505    13 40930     1    30     2 24454     0    10  8019
 45087    10 13380     5    10 40034     2 26155     1     6     2  7433
     5     1     2 42512 16648     8     9 27205     4     4     1     0
 38852     8 40133     5     3    16     2 26121    12 21814     3     1
 44631     6     2    11 38561     6     7     8     3 27874     1     1
     2 21713 44874     3    11     2 13648     3 44825     6  7555    10
     1     4    16 34015 32334     0    14     5     1     2     3 42442
 23917     1 44850    17     4     2     0     5 21334 37518    13    20
     6 28663     2     2    12     6     6     7 30031 36153     3    19
     0 42826  6548     9 17373     0 39258     6    21     1    14  2922
 23711 39076     6     4     8     3 27880    29 42973     8   297     9
     1 22493     4     3     5 29603     1    11     7 36910     1    19
    10  7644 43171 15883     1 42529    15     4     4     5 16902  6453
     7     5     0     9 25930     7 40445     4    14 42979     0     0
 20027  2805     5     1 34725    11    18     9 31061 39764     2    10
 26360     2    10    18     7 35118    14     0     1 31033     5    16
    10 42339     9     2  6586 16948 41781     3     4     1  2969     6
 21500    18     0     2     3 45496 20306    10 66354     0     6     5
     1     0     0 66470     3     0     0     0     1     0 66688     2
     6     0     3     4     0 65752     0     0     3     0     4     3
     0 66285     7     4     3     5     1     5 66241     3     4     0
     2     0     4 66466     2     0     0     0     4     0 66277     3
     0     2     0     1     0     1 65998     1     0     1     4     0
     1 66404     1     0     6     4     4     4 65564     1     1     5
     3     0     1     3 65876     0     3     5     1     0     3 66513
     5     3     3     6     3     1 66691     1     1     3     0     3
    12 66676     3     0     4     0     1     6     4 66298     0     3
     1     0     0     0 66085     0     0     1     0     0     2 66248
     2     3]
94 7
0.06848068185664638 [ 0.06848068 11.29363056 11.47584033 11.4729617  11.34927286 11.48068705
 11.42640842]
0.42708451722463886 [11.17743945  0.42708452 11.18590752 11.1916628  11.18860054 11.18584645
 11.18369038]
0.12300831856792836 [10.97377374 10.85744963  0.12300832 11.09149077 10.97108471 11.04446284
 11.04631109]
3.9065803335230395e-05 [1.11222275e+01 1.08832077e+01 1.11310696e+01 3.90658033e-05
 1.11171039e+01 1.12481324e+01 1.11261650e+01]
0.12436942066627277 [11.24999367 11.12810366 11.37692768 11.37053626  0.12436942 11.37574867
 11.18801355]
0.12074995512925285 [10.52870331 10.42030531 10.52351537 10.64753613 10.64304635 10.62685599
  0.12074996]
0.0059362827422919495 [1.08149454e+01 1.05835497e+01 1.09357320e+01 1.09357562e+01
 1.08179787e+01 5.93628274e-03 1.09286012e+01]
44.5405011177063
