reading done
729 107
Number of samples: 50
weight 3 2916 729.0 0.0 104.14295714285714 0.0001 1041429.0
0
Average 0.0
weight 3 2916 729.0 111.98 88.14581428571428 37.32676666666667 2.0
0
Average 111.98
0
running_prior_SNP_LDA 1 0.01
7
running
[    3     1     6 34907    10 31809     7 42161     0     2    29     2
 23970     0   490     8 40978    10     4 24427    18     6    11  7871
 45541     6     2 13074     4 39329     2 26850     3    19     3  7087
     0     7     0 43191     0 16324    37 26690     1    30    16 39294
     7     5 40161     2     2     3 26114     1    19 21915     0    36
 44481     3    15    19 38335     2     7    37 28065     5     1    19
     2 21744 44838     1     0     3 13730    15 44750     5    22  7524
     8     5     3 33497 32871     0     0     1     1     9     1 42831
     2 23526 45008     2     2    18     9 21157    16 37567    11     3
     0 28642     0     1     0     2     3     5 30127     0 36081    10
     3 42490  6934     4    17 17317 39575     0     7     2     2 23685
  2662 38901    10     0     2     0     3 28090 43313    17   418    15
     3     2 22017     1     4 29689     9     9 36828     0    23     0
     0  7617 43307     1 15781 42892     1    10     8     0  6266 16735
     1     1    23     1 26140 40236     1     7     4 43408     5    12
  2798 19595     8     1 34666     6     1 31148     0 39505     2     6
 26636    14     3     0    15 34896     1     0     2     7 31257     3
     6 42624     2     1 17229  6045 42137     4     6     1  3001 21112
     3     4    15     4     0 45368    11 20433 66355     0     2     0
     2     0     7 66462     0     2     0     1     8     1 66676     0
     7     7     0     1    12 65727     0     0    14     5     3    13
     0 66284     0     9     7     1     4     2 66235    13     0     1
     2     2     1 66457     0     5     9     1     3    10 66261     5
     2     2     3     0     3     5 65989     7     0     1     0     3
     0 66410     0     3     0     0     1     0 65576     1     0     0
     4     6     4     7 65867     0     1     3     0     0     3 66519
     0     4     2     3     2     2 66693     5     1     0     1     5
     8 66672     6     2     4     0    10     7     1 66286     4     4
     7     1     1     0 66070     1     6     0    10     5     1 66235
     0     5]
94 7
0.12744046415945115 [ 0.12744046 11.35205815 11.47540575 11.47669267 11.35583956 11.48095737
 11.4769711 ]
0.47615197899025513 [11.17596827  0.47615198 11.181493   11.18500001 11.18328433 11.18233486
 11.18336086]
0.12302651739780861 [10.97580965 10.85564943  0.12302652 11.09486816 10.97393866 11.09691757
 10.99198263]
3.9065803335230395e-05 [1.11233083e+01 1.08903979e+01 1.11356802e+01 3.90658033e-05
 1.11234597e+01 1.12473322e+01 1.10778369e+01]
0.12439458249957583 [11.25286695 11.13410478 11.37953462 11.37456893  0.12439458 11.37970572
 11.25008783]
0.006781824328584639 [1.08135083e+01 1.05762181e+01 1.09381380e+01 1.09395275e+01
 1.08106257e+01 6.78182433e-03 1.09240500e+01]
0.1216641009723001 [10.52189544 10.40219614 10.51455939 10.63207169 10.63082911 10.62177931
  0.1216641 ]
44.43969178199768
