reading done
729 107
Number of samples: 50
weight 3 2916 729.0 0.0 104.14295714285714 0.0001 1041429.0
0
Average 0.0
weight 3 2916 729.0 111.98 88.14581428571428 37.32676666666667 2.0
0
Average 111.98
0
running_prior_SNP_LDA 1 0.01
7
running
[   18     9     8 34723     4 31981     0 41745    10     3    25     6
 24371     4   432     0 40725     2     9 24752    15     1    15  8012
 45438     6    13 13026    18 39514     3 26656    16     0     3  7307
     3     7    12 42674     0 16606     9 26867     2     0    14 39177
     6     4 40093     1     0     3 26186     1    22 21714     9    26
 44687    10     1     8 38506     2     4     0 27945     5     3     1
     7 21569 45023     1     1     7 13475     3 44963     1    18  7582
     2     2    27 34077 32265     5     6     1     2     8     5 42722
     1 23632 44652     6     7    21     3 21499    24 37610     0     3
    15 28595     1     0     0     5     0     3 29803    25 36382     8
     9 42492  6814    12     6 17434 39372     0     1     5     0 23757
  2798 39246     0    14     6     0    32 27708 43368    10   330     1
    18     1 22057     0    37 29441    10    32 37015     5     0     0
    10  7679 42925     0 16115 42766    12    11     0     2  5839 17282
     0     3    10     4 25980 40402     4     0     3 43221     1    15
  2727 19862     9     3 35050     2    17 30736    13 39499     3     3
 26633    15     4     9     3 34820    12    11     0     0 31332    16
     2 42191     2     0 17300  6399 41778     2     0    12  3254 21211
     7     1     3     4     1 45866     2 19958 66346     2     1     2
     1    10     4 66469     1     1     0     3     0     0 66681     9
     0    10     2     0     1 65752     3     0     0     7     0     0
     1 66287     5     0     7     5     0     3 66246     0     0     4
     2     0     0 66469     0     1     1     4     1     1 66257     2
    15     1     1     6    14     5 65978     7     0     0     1     4
     3 66402     2     3     1     1    12     0 65561     0     0     1
     8     1     3     0 65875     2     5     2     0     3     1 66523
     0     1     0     4     0     0 66694     0     6     2     0     1
     2 66690     4     1     0     1     3     3     4 66301     0     0
     0     1     3     4 66074     4     0     4     0     0     8 66241
     2     1]
94 7
0.1273934922184168 [ 0.12739349 11.34811651 11.47575309 11.47780188 11.35322031 11.42888185
 11.47407604]
0.4761664816752074 [11.17164577  0.47616648 11.18224282 11.18709699 11.18559511 11.18086634
 11.18229296]
0.12302471776668873 [10.97413806 10.85254894  0.12302472 11.09221556 10.96986331 11.04389065
 11.0963038 ]
6.907444199096375e-05 [1.11273955e+01 1.08891487e+01 1.11345916e+01 6.90744420e-05
 1.11226002e+01 1.12470192e+01 1.11306202e+01]
0.12439603777592234 [11.25054069 11.13009389 11.3773201  11.37442561  0.12439604 11.37988793
 11.24727732]
0.00999852650992334 [1.08121381e+01 1.05833409e+01 1.09377527e+01 1.09379672e+01
 1.08143824e+01 9.99852651e-03 1.09303694e+01]
0.11843995443833538 [10.53060393 10.41791574 10.52006063 10.63251617 10.63598171 10.57429118
  0.11843995]
48.19227170944214
