reading done
729 107
Number of samples: 50
weight 3 2916 729.0 0.0 104.14295714285714 0.0001 1041429.0
0
Average 0.0
weight 3 2916 729.0 111.98 88.14581428571428 37.32676666666667 2.0
0
Average 111.98
0
running_prior_SNP_LDA 1 0.01
7
running
[    0     0     9 34835     6 31889     4 41885     6     7     5     7
 24250     4   544    15 40999     1    13 24344    19     2    12  7924
 45465     6     3 13099     1 39551     0 26643     2     3    10  7358
     5     1     2 43023     4 16216     2 27140     2     0     3 38927
     1     0 40007     4     0     0 26271     6     1 22176    10     9
 44259    13     1     6 38369     1     9     8 28069     8    12     6
     8 21670 44904     4     1     2 13356     0 44944     5     6  7736
     3     7     0 33542 32819     0    13     7     3     1     1 42469
    20 23870 44975     3    11     0     5 21214     4 37277    18    14
     1 28885    14    15     5     5    15     2 30327    20 35844     8
     7 42698  6598     4     4 17456 38788     9     2     5     0 24346
  2783 39441    24     0     3    12     4 27522 43292    11   471     8
     4     5 21994    13     2 29761     8     8 36744     4     9     4
     2  7624 43146     7 15937 42322     5     0    10     5  6523 17047
     8     1     8     7 25971 40369    39    12     2 43186     0    18
  2861 19750     4     3 34920     6    12 30884     1 39335    23     1
 26795     6     6     0     1 35018    20     0     0     5 31134     6
     0 42213     3    24 17288  6376 42117    38     4     2  2934 21169
     0     9     2    10     1 45724     1 20088 66362     1     1     0
     0     0     2 66459     2     7     1     0     4     1 66672    13
     2     7     3     0     6 65742     4     1     3     5     3     4
     4 66292     0     2     5     2     0     3 66242     0     4     1
     3     2     1 66461     5     1     3     0     5     1 66276     4
     0     1     1     0     8     6 65983     0     5     2     1     0
     1 66412     1     0     1     1     1     6 65563     8     1     1
     2     0     5     2 65869     5     0     7     5     1     0 66517
     2     2     1     3     2     0 66699     0     2     0     0     1
     8 66684     1     2     2     6     0     1     3 66296     0     6
     2     3     3     5 66046     0    27     0     0     4     2 66250
     0     0]
94 7
0.1273829257045909 [ 0.12738293 11.34734889 11.47419536 11.47263129 11.35449158 11.43020724
 11.47256279]
0.47616806010386586 [11.17301045  0.47616806 11.18435553 11.19139525 11.18514472 11.18361746
 11.1832299 ]
0.12300831856792836 [10.97729432 10.85258503  0.12300832 11.09579839 10.97667872 11.09614983
 11.09436417]
8.289497298039255e-05 [1.11259962e+01 1.08871287e+01 1.11335097e+01 8.28949730e-05
 1.11211718e+01 1.12480494e+01 1.11307822e+01]
0.12438144970943049 [11.25072831 11.13725077 11.37773349 11.37378342  0.12438145 11.37914178
 11.19533441]
0.00614017908945274 [1.08117194e+01 1.05831874e+01 1.09407538e+01 1.09368394e+01
 1.08138649e+01 6.14017909e-03 1.08832808e+01]
0.1212150713860271 [10.52652022 10.40814543 10.51611441 10.63375511 10.62681361 10.62058644
  0.12121507]
41.82524609565735
