reading done
729 107
Number of samples: 50
weight 3 2916 729.0 0.0 104.14295714285714 0.0001 1041429.0
0
Average 0.0
weight 3 2916 729.0 111.98 88.14581428571428 37.32676666666667 2.0
0
Average 111.98
0
running_prior_SNP_LDA 1 0.01
7
running
[   12     0     2 35096     0     1 31632 41911     0     5     1     4
     2 24241   496     0 41259     5    11     7 24157     0     9  8249
 45127     2 13120     4    16 39592     1 26591     3     7     0  7218
     0    11     0 42874 16506     0     9 26933     0     2     4     3
 39124     8 40561     0    17     0     8 25694     3 21869    11     5
 44533    40     8     8 38293    10     1     7    14 28137     4     0
     3 21355 45222    10    11     9 13355     4 44738     0  7937     6
     7     3     0 33796 32578     0     0    19     7     0     2 42559
 23783     1 44618    10     8     2     6     2 21566 37586     0    30
    36 28568     0     4     5     0     4     9 30296 35896     8     1
    12 42491  6716    10 17538     7 39252     2     1     8    24  2792
 23854 39553    15     8     5     9 27414     2 42951     4   289     3
    18 22520     0    23     3 29560     2    14     1 36937    14    17
     0  7798 42774 16125     1 42728    59     3    16     7 16617  6482
     1     0     0    12 25928     0 40462     0     4 43077     2     0
 20190  2556     6    14 34835     2     1     8 30964 39530     8     4
 26606     0    15     3     6 35360     5     4    14 30789     0     1
     8 42286     1    30  6390 17194 41738     0     4    19  2901    34
 21568     0     2    17     2 45894 19915     5 66355     3     6     0
     1     0     1 66459     7     2     0     3     0     3 66687     6
     0     2     3     1     4 65744     2     1     0     3    10     2
     0 66290     0     3     1     4     7     5 66217     7     6    16
     2     2     1 66455    11     1     0     2     6     1 66269     1
     6     3     2     1     1     6 65982     2     8     2     4     4
     0 66409     2     0     0     1     4     2 65569     2     4     1
     0     2     0     3 65881     0     1     1     0    10     2 66509
     2     1     4     0     2     2 66689     2     3     8     0     2
     2 66689     4     0     1     2     1     1     6 66297     1     4
     7     8     1     5 66059     6     0     0     4     0    10 66241
     0     1]
94 7
0.12739510173218752 [ 0.1273951  11.35094287 11.47353997 11.47420277 11.35060158 11.48057212
 11.42433574]
0.47615197899025513 [11.17407382  0.47615198 11.18518337 11.19234292 11.18535497 11.18438903
 11.18360039]
0.12300831856792836 [10.97456265 10.85549844  0.12300832 11.09156021 10.97492169 11.09427196
 11.0980132 ]
3.9065803335230395e-05 [1.11253097e+01 1.08845610e+01 1.11327069e+01 3.90658033e-05
 1.11226809e+01 1.12458866e+01 1.11292225e+01]
0.12438167780162458 [11.25168323 11.13482336 11.37908734 11.37422389  0.12438168 11.37602221
 11.24603099]
0.12339402453852157 [10.52954496 10.40761046 10.51647086 10.62925178 10.63675545 10.63371245
  0.12339402]
0.007529492038433811 [1.08106441e+01 1.05817225e+01 1.09400845e+01 1.09404896e+01
 1.08126586e+01 7.52949204e-03 1.08745643e+01]
43.07891535758972
