reading done
729 107
Number of samples: 50
weight 3 2916 729.0 0.0 104.14295714285714 0.0001 1041429.0
0
Average 0.0
weight 3 2916 729.0 111.98 88.14581428571428 37.32676666666667 2.0
0
Average 111.98
0
running_prior_SNP_LDA 1 0.01
7
running
[    5     1    34 34321     3 32377     2 41892     6     1     5     8
 24252     0   455    10 40669     4     1 24796     0    23     5  7847
 45489     1     2 13144     4 39786     7 26395     1    11     6  7303
     5     0     3 42836     2 16460    16 26930     1    12     5 39101
    10     6 40232     4    15     2 26026     3     1 21764     3     8
 44688     0     5     9 38243     4     0    21 28193     0     9     0
     7 21883 44702     2     2     4 13253     5 45091     6    19  7671
     0     1     7 33881 32460     1    34     7     2     2     7 42265
     8 24080 44947     7     1    20    18 21219     0 37432     4     0
     2 28779     7     0     8     1     0     0 29880     1 36328    10
    23 42607  6572     3    15 17545 39225     7     0     5     1 23767
  2928 39101     5     3     6     2     0 27889 43161    22   259     2
     5     5 22331    30    15 29395     8     1 37068    23    16     1
     0  7535 43307     2 15868 42633     1     3    14     3  6310 16948
     1     3     1     0 25997 40399     2     4     0 43119    21     0
  2659 20026    19     0 35262     0     1 30538    10 39076    13     1
 27037     8    12    19     3 35345    10    15    32     7 30766     3
    33 42325     1     1 16974  6573 41503     4     0    16  3169 21571
     1    13    16    15    19 45799     5 19968 66356     1     1     0
     1     4     3 66469     0     0     2     1     2     0 66692     2
     1     2     5     0     1 65745     1     7     0     1     3     5
     0 66305     0     0     0     0     0     0 66234     6     6     3
     3     3     3 66457     4     6     3     3     0     5 66264     6
     1     1     1     5     0     0 66002     2     1     0     0     6
     6 66398     2     1     0     3     0     0 65575     0     0     0
     7     4    13     0 65866     0     3     2     6     6     1 66505
     1     7     2     1     1     0 66701     1     1     1     0     0
     0 66691     0     3     4     2     8     7     1 66293     0     1
     0     1     0     3 66077     3     2     0     2     3     4 66242
     1     4]
94 7
0.1274049926268102 [ 0.12740499 11.34562692 11.47534769 11.47331123 11.34991628 11.47792201
 11.47605738]
0.47615197899025513 [11.17592642  0.47615198 11.18474924 11.18860694 11.18256948 11.18384565
 11.18148159]
0.12304158340060375 [10.97281158 10.85443371  0.12304158 11.09137935 10.97532558 11.09120483
 11.09517653]
5.3174436044697606e-05 [1.11264333e+01 1.08880420e+01 1.11329670e+01 5.31744360e-05
 1.11245476e+01 1.12480092e+01 1.11267450e+01]
0.1243930519406778 [11.24836684 11.13209888 11.37649719 11.37198226  0.12439305 11.38241145
 11.19695954]
0.005625533177045617 [1.08127973e+01 1.05834242e+01 1.09410893e+01 1.09461269e+01
 1.08132521e+01 5.62553318e-03 1.09312297e+01]
0.12337142849076306 [10.53183187 10.41833558 10.51665672 10.63583532 10.63831563 10.62981946
  0.12337143]
40.64360284805298
