reading done
729 107
Number of samples: 50
weight 3 2916 729.0 0.0 104.14295714285714 0.0001 1041429.0
0
Average 0.0
weight 3 2916 729.0 111.98 88.14581428571428 37.32676666666667 2.0
0
Average 111.98
0
running_prior_SNP_LDA 1 0.01
7
running
[    0    10     4 35055     7 31655    12 41632     1     1     1    15
 24504    10   429     2 40943     0     2 24552     7    13     3  8013
 45518     8     5 12951     1 39579     9 26598     2    12     9  7387
     6    15     2 42693     6 16500    10 27244    11     8     8 38794
     0     9 40182    10     9     3 26057    18    16 21773     7     4
 44661     4     4    38 38434     9     5     7 27962    15     1     0
     2 21367 45222     8     5     9 13521     0 44836     4     3  7676
     7    28     2 33674 32647    22     4     5     7     3    13 42616
    15 23712 44773     1     1    18     0 21409    10 37401    12     0
     4 28804     0     3     0     0     6     2 29968     0 36242    23
     2 42927  7024    10     1 16788 39357     1    17     0     5 23868
  2685 39131     5     3     0     2     4 27861 43076     1   324     1
     0     5 22378     4     0 29704     4     2 36824     2     0     2
    10  7509 42906     6 16296 42615     2     9     5     6  6241 17034
     0     2     1     9 25828 40561     2     4    14 43240     4     3
  2722 19842     1     2 34894     0     3 30930     0 39012     2    14
 27124     4     6     4     3 34674     5     0     3    24 31469     7
    13 42141     2     6 17193  6548 42246     3     6     1  2875 21128
     5     8     0     9     5 45993     0 19820 66355     1     7     2
     0     0     1 66456     1     3     2    10     0     2 66689     6
     4     1     1     2     0 65753     5     0     0     0     2     2
     1 66294     7     1     0     1     1     1 66242     2     0     2
     8     0     9 66456     0     0     2     9     0     6 66262    10
     0     0     3     2     1     3 65993     4     0     3     1     5
     0 66407     2     2     0     0     3     5 65571     1     0     0
     2     2     4     1 65873     2     3     3     0     0     0 66508
    17     3     0     2     0    11 66688     1     4     0     4     0
     0 66685     5     1     3     4     5     1     3 66296     1     2
     1     1     0     1 66081     1     1     0     3     3     1 66248
     1     0]
94 7
0.1273829257045909 [ 0.12738293 11.34926156 11.47662951 11.47458097 11.34890541 11.47796715
 11.47181123]
0.47615197899025513 [11.17335882  0.47615198 11.18549212 11.18764638 11.18339791 11.18115822
 11.18436992]
0.12300831856792836 [10.97645912 10.85524838  0.12300832 11.09538012 10.9755504  11.09696341
 11.04311829]
3.9065803335230395e-05 [1.11251216e+01 1.08882001e+01 1.11324861e+01 3.90658033e-05
 1.11255031e+01 1.12482438e+01 1.11320146e+01]
0.12436942066627277 [11.25113264 11.13370443 11.37863777 11.3734508   0.12436942 11.38029755
 11.2476518 ]
0.0066949832278222965 [1.08124689e+01 1.05828587e+01 1.09332820e+01 1.09372780e+01
 1.08134228e+01 6.69498323e-03 1.09300895e+01]
0.12111329889983892 [10.52703274 10.40546762 10.51910607 10.63678352 10.63724425 10.57702941
  0.1211133 ]
46.06384325027466
