reading done
729 107
Number of samples: 50
weight 3 2916 729.0 0.0 104.14295714285714 0.0001 1041429.0
0
Average 0.0
weight 3 2916 729.0 111.98 88.14581428571428 37.32676666666667 2.0
0
Average 111.98
0
running_prior_SNP_LDA 1 0.01
7
running
[    3     4     7 35130     2     1 31596 41974     0    26     3     2
    16 24143   520     2 40949     1     1    12 24450     1     0  8138
 45447     1 12920     4     9 39602     4 26586     4     5     0  7309
     7    13     0 42568 16712     0     7 27303     4     1     1    14
 38745     6 40357     7     6     6     2 25904     1 21659     0     7
 44800     1     1     6 38305     5     2    12    12 28128     9     5
    10 21848 44706     9    18     5 13276    15 44980     0  7765     8
    10     1     8 33936 32427     2     0    24     1     0     2 42585
 23754     5 44967     9     0     2     1    25 21208 37367    40     0
     8 28789     8    12     2    23     1     5 30367 35812     8     2
     0 42688  6764    15 17294    12 39470     3    10    17     1  2681
 23751 39532     2    10    11     1 27448     2 42999     9   310     4
     3 22453     7     8     2 29909     3     0     4 36614     5    12
    15  7399 43317 15972     9 42486     1     0    15     1 16999  6410
     7     2     3    19 26174     6 40192     1     0 43485     3     3
 19505  2832     9     9 34928     0     6     4 30874 39346    29     0
 26742    15    33     1    19 34875     0     4    10 31269     1     0
     1 42537    11     4  6278 17079 41696     2     4    27  3081     8
 21446     4     6     5     0 45552 20260     8 66344     0     7     1
     5     4     5 66444    14     0     5     0     3     8 66686     0
     8     7     0     1     1 65747     2     2     0     2     1     8
     2 66296     6     0     0     1     0     0 66237     2     0    12
     2     2     2 66464     0     0     1     9     0     1 66251    15
     7     5     1     3     0     0 65996     0     0     4     5     0
     4 66404     1     2     3     2     0     1 65561     8     0     4
     8     2     1     1 65880     2     1     1     3     2     3 66518
     2     0     0     6     6     0 66689     2     1     2     1     0
     7 66680     1     3     6     0     4     0     0 66304     3     1
     0     9     3     4 66058     3     9     3     0     0     4 66239
     4     6]
94 7
0.1273829257045909 [ 0.12738293 11.34626532 11.47406439 11.47550612 11.35268498 11.47963475
 11.42679163]
0.47618165251772904 [11.17101015  0.47618165 11.18322777 11.1897431  11.18649818 11.18188379
 11.18199246]
0.12304367710054794 [10.98027922 10.85981388  0.12304368 11.09209783 10.97546845 11.09673456
 11.09826521]
3.9065803335230395e-05 [1.11269238e+01 1.08883870e+01 1.11348940e+01 3.90658033e-05
 1.11230030e+01 1.12506872e+01 1.11314033e+01]
0.12441853833829707 [11.25317531 11.13300451 11.3802443  11.37413286  0.12441854 11.37576149
 11.24835627]
0.12142284083387549 [10.52299191 10.40750424 10.51706852 10.63528768 10.63205541 10.62976968
  0.12142284]
0.005728756507907968 [1.08084649e+01 1.05814898e+01 1.09360808e+01 1.09370991e+01
 1.08100410e+01 5.72875651e-03 1.09176079e+01]
44.47430491447449
