reading done
729 107
Number of samples: 50
weight 3 2916 729.0 0.0 104.14295714285714 0.0001 1041429.0
0
Average 0.0
weight 3 2916 729.0 111.98 88.14581428571428 37.32676666666667 2.0
0
Average 111.98
0
running_prior_SNP_LDA 1 0.01
7
running
[    6     5     0 35052     3 31668     9 41891     1    13     9     2
 24244     4   467     5 41197    14     1 24251     0    16    10  8158
 45497     3     0 12827     0 39851     1 26336     2     5    15  7159
    10     6     3 42754    13 16664     1 26949     2     6     9 39104
     4     5 40740     9     1     2 25524     7    14 21781     3     2
 44660     1     8    19 38461     9     3     0 27970     8     8    44
     3 21681 44863     1     5     7 13621     3 45019     0     1  7398
     2     5    12 33684 32673     1     7     1     3     1     1 42301
     2 24062 44722     0     6     0    11 21473     0 37335     1     0
     5 28882     0     1     5     4     7     0 30225     0 35977     3
     2 42516  6851     1     3 17399 39352     7    14     6     7 23803
  2744 39190     4     2    25     5     3 27777 43072     0   290     9
     3    14 22397    11     6 29596     3    25 36886    13     1     0
    36  7704 42978    22 15988 42572     5    14     1    31  6443 16846
     3     1    13    18 26125 40243     0     0     0 43301     0     3
  2752 19773     9     8 34584     1     4 31222     2 39880    14     2
 26223    16    20    11    11 35113     1     9     6     9 31029    10
     0 42288    10    12 16989  6601 41814    13     1     8  3148 21269
    11     1     3     0     0 45875     3 19953 66358     0     1     1
     3     1     2 66455     1     7     0     0     2     9 66682     0
     1     1    10     6     3 65740     0     3     3     6     7     3
     4 66289     2     4     0     0     6     0 66243     2     1     0
     0     9     0 66454     0     2     0    13     7     1 66272     4
     1     0     5     0     0     4 65997     0     0     1     3     7
     2 66397     4     3     3     0     6     9 65553     6     7     1
     0     1     2     7 65873     3     0     2     1     2    10 66514
     1     0     0     2     8     3 66686     4     3     0     3     4
     3 66676     3     3     6     2     8     0     0 66298     4     0
     0     0     1     0 66079     0     6     0     5     3     8 66239
     0     1]
94 7
0.12740419018155338 [ 0.12740419 11.34923662 11.47495147 11.47041094 11.35380873 11.48188906
 11.42331127]
0.47615197899025513 [11.17711958  0.47615198 11.1830366  11.19414509 11.18608067 11.18346598
 11.18713167]
0.12306229628417212 [10.97673987 10.85448454  0.1230623  11.09081158 10.97364284 11.09725892
 11.09521318]
5.409016010308018e-05 [1.11240092e+01 1.08900973e+01 1.11325064e+01 5.40901601e-05
 1.11232263e+01 1.12479083e+01 1.11267405e+01]
0.12440795641910954 [11.25280724 11.13202788 11.37960388 11.37418095  0.12440796 11.32343306
 11.25008421]
0.007531686925128461 [1.08093309e+01 1.05784011e+01 1.09383444e+01 1.09397047e+01
 1.08099949e+01 7.53168693e-03 1.09245871e+01]
0.12107589717141021 [10.52297556 10.41261465 10.51841701 10.63755516 10.63295075 10.62618523
  0.1210759 ]
43.33049821853638
