reading done
365 105
Number of samples: 53
running_prior_SNP_LDA 1 0.01
2
0.004908501167590176
0.0047232747084358295
0.007634601603393505
0.007346503429680543
[1. 0.]
[99. 98.]
23.647669792175293
running_prior_SNP_LDA 1 0.01
2
0.004908501167590176
0.0047232747084358295
0.007634601603393505
0.007346503429680543
[1. 0.]
[99. 98.]
0.200026273727417
running_prior_SNP_LDA 1 0.01
2
0.004908501167590176
0.0047232747084358295
0.007634601603393505
0.007346503429680543
[1. 0.]
[99. 98.]
0.19102120399475098
running_prior_SNP_LDA 1 0.01
2
