reading done
729 107
Number of samples: 50
weight 3 2916 729.0 0.0 104.14295714285714 0.0001 1041429.0
0
Average 0.0
weight 3 2916 729.0 111.98 88.14581428571428 37.32676666666667 2.0
0
Average 111.98
0
running_prior_SNP_LDA 1 0.01
7
running
[    1     0     5 34918     4 31811     4 41617     1     5     1     0
 24531     9   493     7 40963     8     2 24462     0     5    18  7625
 45501    23     0 13339     0 39486     1 26721     0     2     0  6951
     6     0     4 42930     0 16718     1 27064     2     3     7 38995
     3     2 40515     4    14    15 25724    14     1 21640     2     7
 44805    14     0     0 38348    17    13     2 28086     4    13    10
     4 21473 45101     3     1    14 13304     3 45053    19     4  7652
     0     3     6 33642 32716    16     1     1     3     3     3 42725
     6 23630 45215     3     6     0     0 20986     2 37330     7     6
     2 28872     6     1     2     0     0     1 30071    16 36128     5
     0 42550  6680     3     0 17537 39355     1    40     1     2 23641
  2893 39183     1     7     5     5     0 27805 43513     0   288     0
     6    20 21958     5     2 29664     5     7 36854     3     2     0
     9  7771 42976    12 15959 42613    10     0     5     7  6518 16759
     0    17     3     1 26107 40272     3    10     6 43517     7     4
  2935 19350     1     3 34750     4     9 31059     4 39363     5    34
 26761     1     0     2     1 34774    17    22     1    14 31349     6
     8 42319     1     3 17401  6172 42137     2    17    12  3064 21022
    10     0     3     7    15 45784     0 20026 66358     0     3     1
     0     0     4 66461     0     2     0     6     2     3 66690     1
     2     1     4     0     5 65744     4     4     0     2     5     3
     2 66294     0     3     1     1     4     6 66233     1     3     5
     7     0     1 66461     5     2     5     0     2     0 66263     0
     8     8     0     4     5     9 65989     1     0     0     1     9
     0 66393     0     7     3     4     2     0 65576     2     1     1
     0     6     0     2 65864     2     7     7     0     7     4 66507
     1     7     2     2     1     4 66698     0     0     1     1     1
     2 66691     0     0     3     2     1     3     7 66292     6     1
     0     0     1     2 66082     1     0     3     0     1     4 66242
     3     3]
94 7
0.12740616974283878 [ 0.12740617 11.34927099 11.47742699 11.47583875 11.35530008 11.47802646
 11.47183516]
0.47615197899025513 [11.17266401  0.47615198 11.18191669 11.18959176 11.18323864 11.18078511
 11.1833033 ]
0.12300831856792836 [10.97629022 10.8549282   0.12300832 11.09198574 10.9729717  10.94139052
 11.09330011]
3.9065803335230395e-05 [1.11248336e+01 1.08902707e+01 1.11331697e+01 3.90658033e-05
 1.11233803e+01 1.12497210e+01 1.11282226e+01]
0.12438205839679714 [11.25450959 11.13536004 11.37839763 11.37578927  0.12438206 11.37912563
 11.09920192]
0.007250739598642376 [1.08112722e+01 1.05782307e+01 1.09372045e+01 1.09340979e+01
 1.08122895e+01 7.25073960e-03 1.08816139e+01]
0.12038961180179976 [10.52385509 10.40515452 10.51800306 10.6350461  10.63267859 10.63082418
  0.12038961]
43.30322623252869
