reading done
729 107
Number of samples: 50
weight 3 2916 729.0 0.0 104.14295714285714 0.0001 1041429.0
0
Average 0.0
weight 3 2916 729.0 111.98 88.14581428571428 37.32676666666667 2.0
0
Average 111.98
0
running_prior_SNP_LDA 1 0.01
7
running
[    0    14     0 35155     1     0 31573 42054     1     1     0     1
     1 24106   499     1 40652     5     1     9 24768     1     0  8161
 45114     3 13231     1     0 39296     6 26893     9     2     4  6957
     7     2    10 43129 16503     1     7 27345     3     4     5     3
 38708     0 39821     7     0     0     1 26459     6 21366     7     1
 45084     1     4     3 38451     0     3     0     5 28008     3     5
     9 21318 45251     9    10     0 13469     2 44880     0  7691     7
     0    14     9 33783 32571     6     1    12     8     3     8 42738
 23601     1 44748    21    24     1     9     5 21404 37158     0     0
     7 29039     0    20    10     4     5     1 29876 36318     4     1
     2 42927  6685     0 17158     2 39041     0     3     1     6  2649
 24233 39557     8     1     5     0 27434     1 43327    11   334    20
    10 22078     5     3     0 29474     9     1     6 37047     0    13
     5  7745 43376 15565    25 42653     1     9     3     2 16975  6269
     2     1     1    17 25790     1 40591     2    24 43124     1    15
 19729  2934    13     0 35044    15     3     6 30749 39380     4    13
 26736    16    12     5     0 34898     0     4    11 31263     2     1
     2 42259    25     3  6532 17088 41683     1     2     0  3055     2
 21521     0     6     9     8 45555 20249     8 66357     3     1     2
     0     2     1 66458     2     3     8     0     2     1 66690     1
     7     1     0     0     4 65744     2     5     3     7     0     1
     3 66296     0     1     4     0     1     1 66233     4     1     5
     6     5     0 66474     1     1     0     0     0     1 66266     2
     1     7     4     2     2     5 65986     1     4     0     7    15
    10 66385     2     0     0     4     2     0 65552     1     0     2
    25     0     3     0 65874     0     1    10     2     1     5 66513
     4     2     1     0     0     2 66701     2     1     0     0     1
     4 66680     5     2     6     0     0     4     1 66302     0     5
     0     2     1     2 66079     2     0     4     0     0     0 66248
     1     3]
94 7
0.1273829257045909 [ 0.12738293 11.34806623 11.47481816 11.47260069 11.3526013  11.47914175
 11.47272235]
0.47616668211595065 [11.16993892  0.47616668 11.18380759 11.18574073 11.18183177 11.18135608
 11.18209447]
0.12300831856792836 [10.97498457 10.85834672  0.12300832 11.08863347 10.97267398 10.93627056
 11.0951883 ]
3.9065803335230395e-05 [1.11258360e+01 1.08871306e+01 1.11358527e+01 3.90658033e-05
 1.11242919e+01 1.12427337e+01 1.11310946e+01]
0.12438220542582847 [11.25427954 11.1320016  11.37935623 11.37786595  0.12438221 11.38261421
 11.14858301]
0.12307362256477002 [10.52454173 10.4080316  10.51187865 10.6299258  10.63194825 10.62970677
  0.12307362]
0.00639199417086536 [1.08143954e+01 1.05834120e+01 1.09383343e+01 1.09491855e+01
 1.08177876e+01 6.39199417e-03 1.09258596e+01]
43.495156049728394
