reading done
729 107
Number of samples: 50
weight 3 2916 729.0 0.0 104.14295714285714 0.0001 1041429.0
0
Average 0.0
weight 3 2916 729.0 111.98 88.14581428571428 37.32676666666667 2.0
0
Average 111.98
0
running_prior_SNP_LDA 1 0.01
7
running
[   20     7    27 34814    10 31862     3 41970    12     1     2     4
 24166     9   513     7 40958    38     1 24414     4     8     3  7759
 45302     0    17 13422     3 39659     2 26529    13     2     2  7669
     9     2     8 42691     2 16228     0 27154    12     0     8 38881
    20     1 40217     5     8     7 26049     1    10 22149    16     1
 44273     5    15    24 38652     2     0    16 27765    11     2     8
     3 21198 45389     5     0    10 13536     2 44681     0     1  7819
    12     2     1 33418 32935    11     5     3     9     0     0 42597
     0 23762 45282     5     2     0     1 20898    24 37435     1     3
    10 28770     2     3     3     3     1     6 30246    24 35935    19
    12 42350  6885     2     4 17503 38916     7     0     0     5 24215
  2790 39037     9    36     1     2     0 27921 43415     7   297     0
     3    31 22032     7    20 29412    14     8 37079     0    10     0
     1  7667 42971    14 16066 42776     0     0     2     4  6064 17066
     0     0     0     1 25941 40461     0     3     9 43239    17     9
  2977 19575     1     7 34708     1     1 31087    25 39424     7     3
 26690    12    29     1     0 34848     7     7     5    34 31277     0
    14 42508     2    10 16937  6439 41716     0     1     0  3009 21537
     1     6     0     8     1 45981     0 19839 66345     1     4     4
     3     2     7 66456     1     9     0     3     4     1 66700     1
     0     0     0     0     2 65747     1     5     5     2     1     1
     2 66289     9     2     0     1     2     7 66223    13     0     0
    12     0     1 66465     0     0     0     3     7     0 66267     5
     2     1     8     0     5     1 65988     0     8     0     3     3
     0 66401     5     2     2     3     3    11 65563     3     2     0
     0     7     1     0 65858     6    12     4     6     1     1 66507
     2     4     7     5     7     4 66682     4     3     1    10     0
     1 66687     0     0     0     3     8     1     0 66296     2     2
     4     1     7     2 66066     5     1     1     5     2     0 66240
     6     2]
94 7
0.1273829257045909 [ 0.12738293 11.35016129 11.47782547 11.47544035 11.35330049 11.47943106
 11.47665614]
0.4761672740124032 [11.17517158  0.47616727 11.1890296  11.19077966 11.13171618 11.13228347
 11.18659524]
0.12302476631808391 [10.974084   10.85308247  0.12302477 11.09095456 10.97115558 11.09412033
 10.99194788]
8.210215395132586e-05 [1.11219693e+01 1.08845340e+01 1.11263079e+01 8.21021540e-05
 1.11246394e+01 1.12450816e+01 1.11277759e+01]
0.12440729331945023 [11.25379343 11.13628566 11.37967889 11.37180298  0.12440729 11.37925418
 11.24729223]
0.006387599209274184 [1.08144797e+01 1.05811451e+01 1.09368171e+01 1.09397379e+01
 1.08130768e+01 6.38759921e-03 1.09261602e+01]
0.12073804019632393 [10.52537965 10.41066133 10.51470266 10.6360742  10.63736955 10.63377091
  0.12073804]
45.159950733184814
