117 12 0 1 2 3 4 5 6 7 8 9 10 11
249 12 0 1 2 3 4 5 6 7 8 9 10 11
251 12 0 1 2 3 4 5 6 7 8 9 10 11
281 12 0 1 2 3 4 5 6 7 8 9 10 11
457 12 0 1 2 3 4 5 6 7 8 9 10 11
515 12 0 1 2 3 4 5 6 7 8 9 10 11
547 12 0 1 2 3 4 5 6 7 8 9 10 11
585 12 0 1 2 3 4 5 6 7 8 9 10 11
615 12 0 1 2 3 4 5 6 7 8 9 10 11
669 12 0 1 2 3 4 5 6 7 8 9 10 11
887 12 0 1 2 3 4 5 6 7 8 9 10 11
949 12 0 1 2 3 4 5 6 7 8 9 10 11
1039 12 0 1 2 3 4 5 6 7 8 9 10 11
1065 12 0 1 2 3 4 5 6 7 8 9 10 11
1105 12 0 1 2 3 4 5 6 7 8 9 10 11
1123 12 0 1 2 3 4 5 6 7 8 9 10 11
1175 12 0 1 2 3 4 5 6 7 8 9 10 11
1181 12 0 1 2 3 4 5 6 7 8 9 10 11
1243 12 0 1 2 3 4 5 6 7 8 9 10 11
1279 12 0 1 2 3 4 5 6 7 8 9 10 11
1327 12 0 1 2 3 4 5 6 7 8 9 10 11
1359 12 0 1 2 3 4 5 6 7 8 9 10 11
1385 12 0 1 2 3 4 5 6 7 8 9 10 11
1469 12 0 1 2 3 4 5 6 7 8 9 10 11
1619 12 0 1 2 3 4 5 6 7 8 9 10 11
1633 12 0 1 2 3 4 5 6 7 8 9 10 11
1645 12 0 1 2 3 4 5 6 7 8 9 10 11
1677 12 0 1 2 3 4 5 6 7 8 9 10 11
1703 12 0 1 2 3 4 5 6 7 8 9 10 11
1713 12 0 1 2 3 4 5 6 7 8 9 10 11
1827 12 0 1 2 3 4 5 6 7 8 9 10 11
1835 12 0 1 2 3 4 5 6 7 8 9 10 11
1845 12 0 1 2 3 4 5 6 7 8 9 10 11
1909 12 0 1 2 3 4 5 6 7 8 9 10 11
1975 12 0 1 2 3 4 5 6 7 8 9 10 11
2005 12 0 1 2 3 4 5 6 7 8 9 10 11
2121 12 0 1 2 3 4 5 6 7 8 9 10 11
2135 12 0 1 2 3 4 5 6 7 8 9 10 11
2157 12 0 1 2 3 4 5 6 7 8 9 10 11
2223 12 0 1 2 3 4 5 6 7 8 9 10 11
2329 12 0 1 2 3 4 5 6 7 8 9 10 11
2365 12 0 1 2 3 4 5 6 7 8 9 10 11
2429 12 0 1 2 3 4 5 6 7 8 9 10 11
2475 12 0 1 2 3 4 5 6 7 8 9 10 11
2657 12 0 1 2 3 4 5 6 7 8 9 10 11
2659 12 0 1 2 3 4 5 6 7 8 9 10 11
2753 12 0 1 2 3 4 5 6 7 8 9 10 11
2829 12 0 1 2 3 4 5 6 7 8 9 10 11
2883 12 0 1 2 3 4 5 6 7 8 9 10 11
2917 12 0 1 2 3 4 5 6 7 8 9 10 11
2933 12 0 1 2 3 4 5 6 7 8 9 10 11
2951 12 0 1 2 3 4 5 6 7 8 9 10 11
2987 12 0 1 2 3 4 5 6 7 8 9 10 11
3011 12 0 1 2 3 4 5 6 7 8 9 10 11
3057 12 0 1 2 3 4 5 6 7 8 9 10 11
3069 12 0 1 2 3 4 5 6 7 8 9 10 11
3107 12 0 1 2 3 4 5 6 7 8 9 10 11
3125 12 0 1 2 3 4 5 6 7 8 9 10 11
3163 12 0 1 2 3 4 5 6 7 8 9 10 11
3167 12 0 1 2 3 4 5 6 7 8 9 10 11
3215 12 0 1 2 3 4 5 6 7 8 9 10 11
3239 12 0 1 2 3 4 5 6 7 8 9 10 11
3241 12 0 1 2 3 4 5 6 7 8 9 10 11
3279 12 0 1 2 3 4 5 6 7 8 9 10 11
3345 12 0 1 2 3 4 5 6 7 8 9 10 11
3355 12 0 1 2 3 4 5 6 7 8 9 10 11
3579 12 0 1 2 3 4 5 6 7 8 9 10 11
3607 12 0 1 2 3 4 5 6 7 8 9 10 11
3659 12 0 1 2 3 4 5 6 7 8 9 10 11
3679 12 0 1 2 3 4 5 6 7 8 9 10 11
3977 12 0 1 2 3 4 5 6 7 8 9 10 11
3979 12 0 1 2 3 4 5 6 7 8 9 10 11
4103 12 0 1 2 3 4 5 6 7 8 9 10 11
4129 12 0 1 2 3 4 5 6 7 8 9 10 11
4131 12 0 1 2 3 4 5 6 7 8 9 10 11
4147 12 0 1 2 3 4 5 6 7 8 9 10 11
4149 12 0 1 2 3 4 5 6 7 8 9 10 11
4175 12 0 1 2 3 4 5 6 7 8 9 10 11
4183 12 0 1 2 3 4 5 6 7 8 9 10 11
4245 12 0 1 2 3 4 5 6 7 8 9 10 11
4247 12 0 1 2 3 4 5 6 7 8 9 10 11
4321 12 0 1 2 3 4 5 6 7 8 9 10 11
4687 12 0 1 2 3 4 5 6 7 8 9 10 11
4719 12 0 1 2 3 4 5 6 7 8 9 10 11
4737 12 0 1 2 3 4 5 6 7 8 9 10 11
4745 12 0 1 2 3 4 5 6 7 8 9 10 11
4747 12 0 1 2 3 4 5 6 7 8 9 10 11
4771 12 0 1 2 3 4 5 6 7 8 9 10 11
4801 12 0 1 2 3 4 5 6 7 8 9 10 11
4813 12 0 1 2 3 4 5 6 7 8 9 10 11
4907 12 0 1 2 3 4 5 6 7 8 9 10 11
5025 12 0 1 2 3 4 5 6 7 8 9 10 11
5113 12 0 1 2 3 4 5 6 7 8 9 10 11
5151 12 0 1 2 3 4 5 6 7 8 9 10 11
5175 12 0 1 2 3 4 5 6 7 8 9 10 11
5179 12 0 1 2 3 4 5 6 7 8 9 10 11
5301 12 0 1 2 3 4 5 6 7 8 9 10 11
5373 12 0 1 2 3 4 5 6 7 8 9 10 11
5377 12 0 1 2 3 4 5 6 7 8 9 10 11
5385 12 0 1 2 3 4 5 6 7 8 9 10 11
5399 12 0 1 2 3 4 5 6 7 8 9 10 11
5423 12 0 1 2 3 4 5 6 7 8 9 10 11
5467 12 0 1 2 3 4 5 6 7 8 9 10 11
5501 12 0 1 2 3 4 5 6 7 8 9 10 11
5537 12 0 1 2 3 4 5 6 7 8 9 10 11
5543 12 0 1 2 3 4 5 6 7 8 9 10 11
5589 12 0 1 2 3 4 5 6 7 8 9 10 11
5607 12 0 1 2 3 4 5 6 7 8 9 10 11
5653 12 0 1 2 3 4 5 6 7 8 9 10 11
5693 12 0 1 2 3 4 5 6 7 8 9 10 11
5797 12 0 1 2 3 4 5 6 7 8 9 10 11
6007 12 0 1 2 3 4 5 6 7 8 9 10 11
6053 12 0 1 2 3 4 5 6 7 8 9 10 11
6097 12 0 1 2 3 4 5 6 7 8 9 10 11
6135 12 0 1 2 3 4 5 6 7 8 9 10 11
6151 12 0 1 2 3 4 5 6 7 8 9 10 11
6161 12 0 1 2 3 4 5 6 7 8 9 10 11
6175 12 0 1 2 3 4 5 6 7 8 9 10 11
6177 12 0 1 2 3 4 5 6 7 8 9 10 11
6379 12 0 1 2 3 4 5 6 7 8 9 10 11
6407 12 0 1 2 3 4 5 6 7 8 9 10 11
6597 12 0 1 2 3 4 5 6 7 8 9 10 11
6619 12 0 1 2 3 4 5 6 7 8 9 10 11
6987 12 0 1 2 3 4 5 6 7 8 9 10 11
7099 12 0 1 2 3 4 5 6 7 8 9 10 11
7195 12 0 1 2 3 4 5 6 7 8 9 10 11
7243 12 0 1 2 3 4 5 6 7 8 9 10 11
7411 12 0 1 2 3 4 5 6 7 8 9 10 11
7417 12 0 1 2 3 4 5 6 7 8 9 10 11
7545 12 0 1 2 3 4 5 6 7 8 9 10 11
7555 12 0 1 2 3 4 5 6 7 8 9 10 11
7559 12 0 1 2 3 4 5 6 7 8 9 10 11
7599 12 0 1 2 3 4 5 6 7 8 9 10 11
7603 12 0 1 2 3 4 5 6 7 8 9 10 11
7627 12 0 1 2 3 4 5 6 7 8 9 10 11
7639 12 0 1 2 3 4 5 6 7 8 9 10 11
7699 12 0 1 2 3 4 5 6 7 8 9 10 11
7725 12 0 1 2 3 4 5 6 7 8 9 10 11
7733 12 0 1 2 3 4 5 6 7 8 9 10 11
7783 12 0 1 2 3 4 5 6 7 8 9 10 11
7801 12 0 1 2 3 4 5 6 7 8 9 10 11
7823 12 0 1 2 3 4 5 6 7 8 9 10 11
7893 12 0 1 2 3 4 5 6 7 8 9 10 11
7921 12 0 1 2 3 4 5 6 7 8 9 10 11
7947 12 0 1 2 3 4 5 6 7 8 9 10 11
8001 12 0 1 2 3 4 5 6 7 8 9 10 11
8155 12 0 1 2 3 4 5 6 7 8 9 10 11
8195 12 0 1 2 3 4 5 6 7 8 9 10 11
8225 12 0 1 2 3 4 5 6 7 8 9 10 11
8389 12 0 1 2 3 4 5 6 7 8 9 10 11
8597 12 0 1 2 3 4 5 6 7 8 9 10 11
8607 12 0 1 2 3 4 5 6 7 8 9 10 11
8617 12 0 1 2 3 4 5 6 7 8 9 10 11
8751 12 0 1 2 3 4 5 6 7 8 9 10 11
8963 12 0 1 2 3 4 5 6 7 8 9 10 11
9055 12 0 1 2 3 4 5 6 7 8 9 10 11
9219 12 0 1 2 3 4 5 6 7 8 9 10 11
9367 12 0 1 2 3 4 5 6 7 8 9 10 11
9495 12 0 1 2 3 4 5 6 7 8 9 10 11
9519 12 0 1 2 3 4 5 6 7 8 9 10 11
9527 12 0 1 2 3 4 5 6 7 8 9 10 11
9605 12 0 1 2 3 4 5 6 7 8 9 10 11
9615 12 0 1 2 3 4 5 6 7 8 9 10 11
9631 12 0 1 2 3 4 5 6 7 8 9 10 11
9649 12 0 1 2 3 4 5 6 7 8 9 10 11
9725 12 0 1 2 3 4 5 6 7 8 9 10 11
9763 12 0 1 2 3 4 5 6 7 8 9 10 11
9765 12 0 1 2 3 4 5 6 7 8 9 10 11
9779 12 0 1 2 3 4 5 6 7 8 9 10 11
9839 12 0 1 2 3 4 5 6 7 8 9 10 11
9937 12 0 1 2 3 4 5 6 7 8 9 10 11
10049 12 0 1 2 3 4 5 6 7 8 9 10 11
10059 12 0 1 2 3 4 5 6 7 8 9 10 11
10101 12 0 1 2 3 4 5 6 7 8 9 10 11
10109 12 0 1 2 3 4 5 6 7 8 9 10 11
10143 12 0 1 2 3 4 5 6 7 8 9 10 11
10155 12 0 1 2 3 4 5 6 7 8 9 10 11
10173 12 0 1 2 3 4 5 6 7 8 9 10 11
10195 12 0 1 2 3 4 5 6 7 8 9 10 11
10231 12 0 1 2 3 4 5 6 7 8 9 10 11
10459 12 0 1 2 3 4 5 6 7 8 9 10 11
10585 12 0 1 2 3 4 5 6 7 8 9 10 11
10679 12 0 1 2 3 4 5 6 7 8 9 10 11
10799 12 0 1 2 3 4 5 6 7 8 9 10 11
10829 12 0 1 2 3 4 5 6 7 8 9 10 11
10855 12 0 1 2 3 4 5 6 7 8 9 10 11
10867 12 0 1 2 3 4 5 6 7 8 9 10 11
10877 12 0 1 2 3 4 5 6 7 8 9 10 11
10917 12 0 1 2 3 4 5 6 7 8 9 10 11
11125 12 0 1 2 3 4 5 6 7 8 9 10 11
11143 12 0 1 2 3 4 5 6 7 8 9 10 11
11199 12 0 1 2 3 4 5 6 7 8 9 10 11
11321 12 0 1 2 3 4 5 6 7 8 9 10 11
11369 12 0 1 2 3 4 5 6 7 8 9 10 11
11395 12 0 1 2 3 4 5 6 7 8 9 10 11
11601 12 0 1 2 3 4 5 6 7 8 9 10 11
11637 12 0 1 2 3 4 5 6 7 8 9 10 11
11645 12 0 1 2 3 4 5 6 7 8 9 10 11
11649 12 0 1 2 3 4 5 6 7 8 9 10 11
11809 12 0 1 2 3 4 5 6 7 8 9 10 11
11825 12 0 1 2 3 4 5 6 7 8 9 10 11
11859 12 0 1 2 3 4 5 6 7 8 9 10 11
11891 12 0 1 2 3 4 5 6 7 8 9 10 11
11917 12 0 1 2 3 4 5 6 7 8 9 10 11
11949 12 0 1 2 3 4 5 6 7 8 9 10 11
12109 12 0 1 2 3 4 5 6 7 8 9 10 11
12139 12 0 1 2 3 4 5 6 7 8 9 10 11
12149 12 0 1 2 3 4 5 6 7 8 9 10 11
12151 12 0 1 2 3 4 5 6 7 8 9 10 11
12153 12 0 1 2 3 4 5 6 7 8 9 10 11
12161 12 0 1 2 3 4 5 6 7 8 9 10 11
12179 12 0 1 2 3 4 5 6 7 8 9 10 11
12191 12 0 1 2 3 4 5 6 7 8 9 10 11
12213 12 0 1 2 3 4 5 6 7 8 9 10 11
12239 12 0 1 2 3 4 5 6 7 8 9 10 11
12269 12 0 1 2 3 4 5 6 7 8 9 10 11
12285 12 0 1 2 3 4 5 6 7 8 9 10 11
12369 12 0 1 2 3 4 5 6 7 8 9 10 11
12451 12 0 1 2 3 4 5 6 7 8 9 10 11
12611 12 0 1 2 3 4 5 6 7 8 9 10 11
12631 12 0 1 2 3 4 5 6 7 8 9 10 11
12737 12 0 1 2 3 4 5 6 7 8 9 10 11
12743 12 0 1 2 3 4 5 6 7 8 9 10 11
12747 12 0 1 2 3 4 5 6 7 8 9 10 11
12807 12 0 1 2 3 4 5 6 7 8 9 10 11
12843 12 0 1 2 3 4 5 6 7 8 9 10 11
12869 12 0 1 2 3 4 5 6 7 8 9 10 11
13003 12 0 1 2 3 4 5 6 7 8 9 10 11
13005 12 0 1 2 3 4 5 6 7 8 9 10 11
13111 12 0 1 2 3 4 5 6 7 8 9 10 11
13143 12 0 1 2 3 4 5 6 7 8 9 10 11
13157 12 0 1 2 3 4 5 6 7 8 9 10 11
13191 12 0 1 2 3 4 5 6 7 8 9 10 11
459 8 1 2 3 4 5 6 7 8
905 8 1 2 3 4 5 6 7 8
1245 8 1 2 3 4 5 6 7 8
2055 8 1 2 3 4 5 6 7 8
2203 8 1 2 3 4 5 6 7 8
4631 8 1 2 3 4 5 6 7 8
5345 8 1 2 3 4 5 6 7 8
5421 8 1 2 3 4 5 6 7 8
11923 8 1 2 3 4 5 6 7 8
12047 8 1 2 3 4 5 6 7 8
12621 8 1 2 3 4 5 6 7 8
12771 8 1 2 3 4 5 6 7 8
13039 8 1 2 3 4 5 6 7 8
13167 8 1 2 3 4 5 6 7 8
221 2 2 3
657 2 2 3
897 2 2 3
947 2 2 3
997 2 2 3
1427 2 2 3
1555 2 2 3
2493 2 2 3
2971 2 2 3
3049 2 2 3
3767 2 2 3
4211 2 2 3
5225 2 2 3
5657 2 2 3
6087 2 2 3
6123 2 2 3
8219 2 2 3
8643 2 2 3
9027 2 2 3
9575 2 2 3
9845 2 2 3
10753 2 2 3
10823 2 2 3
11139 2 2 3
12425 2 2 3
12551 2 2 3
12865 2 2 3
1403 1 3
1451 1 3
1873 1 3
2117 1 3
2155 1 3
2433 1 3
2905 1 3
3569 1 3
4547 1 3
4877 1 3
5187 1 3
5563 1 3
5803 1 3
6991 1 3
7035 1 3
7053 1 3
7263 1 3
7295 1 3
7471 1 3
7495 1 3
7613 1 3
7951 1 3
8011 1 3
8221 1 3
8313 1 3
8965 1 3
9031 1 3
9595 1 3
9933 1 3
10615 1 3
10697 1 3
11065 1 3
11197 1 3
53 1 4
223 1 4
625 1 4
687 1 4
1111 1 4
1377 1 4
1481 1 4
1627 1 4
1649 1 4
1651 1 4
1655 1 4
1999 1 4
2087 1 4
2315 1 4
2451 1 4
3131 1 4
3597 1 4
3899 1 4
4113 1 4
4205 1 4
4735 1 4
4785 1 4
5397 1 4
5507 1 4
5585 1 4
5713 1 4
5753 1 4
5991 1 4
6075 1 4
6103 1 4
6217 1 4
6265 1 4
6301 1 4
6307 1 4
6311 1 4
6601 1 4
7249 1 4
7609 1 4
7821 1 4
8059 1 4
8133 1 4
8173 1 4
8301 1 4
8353 1 4
8635 1 4
8789 1 4
8955 1 4
8969 1 4
9059 1 4
9081 1 4
9209 1 4
9867 1 4
10033 1 4
10429 1 4
10445 1 4
10447 1 4
10461 1 4
10579 1 4
10749 1 4
10837 1 4
11161 1 4
11301 1 4
11455 1 4
11593 1 4
11835 1 4
11903 1 4
11959 1 4
12311 1 4
12359 1 4
12389 1 4
12811 1 4
12913 1 4
12971 1 4
13147 1 4
89 4 5 6 7 8
731 4 5 6 7 8
901 4 5 6 7 8
939 4 5 6 7 8
1007 4 5 6 7 8
1473 4 5 6 7 8
1673 4 5 6 7 8
2251 4 5 6 7 8
2405 4 5 6 7 8
2439 4 5 6 7 8
2517 4 5 6 7 8
3299 4 5 6 7 8
3931 4 5 6 7 8
4449 4 5 6 7 8
5043 4 5 6 7 8
5115 4 5 6 7 8
5755 4 5 6 7 8
7749 4 5 6 7 8
7753 4 5 6 7 8
8583 4 5 6 7 8
9345 4 5 6 7 8
9647 4 5 6 7 8
9659 4 5 6 7 8
10481 4 5 6 7 8
10929 4 5 6 7 8
11063 4 5 6 7 8
11129 4 5 6 7 8
11419 4 5 6 7 8
12197 4 5 6 7 8
141 1 6
325 1 6
973 1 6
975 1 6
1237 1 6
1305 1 6
1417 1 6
1423 1 6
1489 1 6
1559 1 6
2001 1 6
2179 1 6
2837 1 6
2887 1 6
3099 1 6
3323 1 6
3725 1 6
4435 1 6
4489 1 6
4797 1 6
5343 1 6
5817 1 6
6111 1 6
6187 1 6
6589 1 6
6671 1 6
6857 1 6
7041 1 6
7083 1 6
7185 1 6
7799 1 6
7927 1 6
8013 1 6
8577 1 6
8707 1 6
9101 1 6
9389 1 6
9449 1 6
9475 1 6
10035 1 6
10235 1 6
10435 1 6
10475 1 6
11347 1 6
13015 1 6
13347 1 6
61 1 7
127 1 7
189 1 7
367 1 7
603 1 7
653 1 7
831 1 7
933 1 7
1027 1 7
1091 1 7
1179 1 7
1343 1 7
1347 1 7
1411 1 7
1429 1 7
1431 1 7
1557 1 7
1833 1 7
1861 1 7
1971 1 7
2029 1 7
2085 1 7
2089 1 7
2097 1 7
2149 1 7
2209 1 7
2299 1 7
2939 1 7
3141 1 7
3255 1 7
3611 1 7
3717 1 7
3915 1 7
4427 1 7
4555 1 7
4683 1 7
4859 1 7
4883 1 7
5067 1 7
5195 1 7
5531 1 7
5577 1 7
6025 1 7
6709 1 7
7177 1 7
7179 1 7
7269 1 7
7283 1 7
7565 1 7
7621 1 7
8031 1 7
8051 1 7
8061 1 7
8111 1 7
8181 1 7
8573 1 7
8657 1 7
9571 1 7
9703 1 7
10347 1 7
10417 1 7
10783 1 7
10805 1 7
10811 1 7
10843 1 7
11123 1 7
11583 1 7
11633 1 7
11881 1 7
11899 1 7
12157 1 7
12185 1 7
12279 1 7
12965 1 7
261 1 8
455 1 8
727 1 8
941 1 8
1603 1 8
1623 1 8
1869 1 8
2673 1 8
3105 1 8
3309 1 8
4453 1 8
4507 1 8
5227 1 8
5789 1 8
6789 1 8
7047 1 8
7123 1 8
7837 1 8
8127 1 8
8143 1 8
8973 1 8
9861 1 8
9913 1 8
11845 1 8
11921 1 8
13161 1 8
171 1 9
971 1 9
1317 1 9
1463 1 9
1889 1 9
1891 1 9
1923 1 9
2413 1 9
2471 1 9
2897 1 9
3117 1 9
3181 1 9
3271 1 9
3971 1 9
4117 1 9
4415 1 9
4659 1 9
4959 1 9
5081 1 9
5747 1 9
6563 1 9
6705 1 9
6719 1 9
7025 1 9
7971 1 9
8503 1 9
8659 1 9
9737 1 9
9869 1 9
9905 1 9
10039 1 9
10043 1 9
10379 1 9
11811 1 9
11889 1 9
11967 1 9
12237 1 9
12261 1 9
12357 1 9
12625 1 9
12821 1 9
109 2 10 11
291 2 10 11
559 2 10 11
773 2 10 11
1609 2 10 11
2483 2 10 11
2537 2 10 11
2833 2 10 11
2981 2 10 11
3027 2 10 11
3127 2 10 11
3587 2 10 11
3639 2 10 11
4121 2 10 11
4985 2 10 11
5329 2 10 11
5773 2 10 11
6059 2 10 11
6231 2 10 11
6429 2 10 11
6731 2 10 11
7055 2 10 11
7061 2 10 11
7109 2 10 11
7537 2 10 11
8165 2 10 11
8193 2 10 11
8983 2 10 11
9125 2 10 11
9131 2 10 11
9487 2 10 11
10115 2 10 11
10187 2 10 11
10219 2 10 11
10405 2 10 11
10451 2 10 11
10865 2 10 11
11133 2 10 11
11309 2 10 11
12255 2 10 11
12419 2 10 11
12595 2 10 11
12769 2 10 11
12813 2 10 11
12995 2 10 11
13011 2 10 11
75 1 11
243 1 11
283 1 11
481 1 11
701 1 11
1549 1 11
1659 1 11
1977 1 11
2109 1 11
2133 1 11
5019 1 11
5119 1 11
5243 1 11
5361 1 11
6041 1 11
6495 1 11
7481 1 11
7561 1 11
7651 1 11
7773 1 11
7933 1 11
8211 1 11
8381 1 11
8631 1 11
9207 1 11
9425 1 11
9835 1 11
9889 1 11
9931 1 11
10345 1 11
11171 1 11
11821 1 11
12221 1 11
12423 1 11
12605 1 11
12949 1 11
161 6 12 13 14 15 16 17
163 6 12 13 14 15 16 17
317 6 12 13 14 15 16 17
919 6 12 13 14 15 16 17
1095 6 12 13 14 15 16 17
1421 6 12 13 14 15 16 17
1477 6 12 13 14 15 16 17
1849 6 12 13 14 15 16 17
1853 6 12 13 14 15 16 17
1933 6 12 13 14 15 16 17
2063 6 12 13 14 15 16 17
2361 6 12 13 14 15 16 17
2863 6 12 13 14 15 16 17
3491 6 12 13 14 15 16 17
3615 6 12 13 14 15 16 17
4741 6 12 13 14 15 16 17
4897 6 12 13 14 15 16 17
4921 6 12 13 14 15 16 17
4993 6 12 13 14 15 16 17
5403 6 12 13 14 15 16 17
5509 6 12 13 14 15 16 17
5733 6 12 13 14 15 16 17
5805 6 12 13 14 15 16 17
6359 6 12 13 14 15 16 17
6409 6 12 13 14 15 16 17
6747 6 12 13 14 15 16 17
7075 6 12 13 14 15 16 17
7245 6 12 13 14 15 16 17
7581 6 12 13 14 15 16 17
7635 6 12 13 14 15 16 17
8139 6 12 13 14 15 16 17
8453 6 12 13 14 15 16 17
8745 6 12 13 14 15 16 17
9009 6 12 13 14 15 16 17
9061 6 12 13 14 15 16 17
9795 6 12 13 14 15 16 17
10675 6 12 13 14 15 16 17
10861 6 12 13 14 15 16 17
11147 6 12 13 14 15 16 17
11151 6 12 13 14 15 16 17
11319 6 12 13 14 15 16 17
11815 6 12 13 14 15 16 17
11843 6 12 13 14 15 16 17
12391 6 12 13 14 15 16 17
12435 6 12 13 14 15 16 17
12517 6 12 13 14 15 16 17
12695 6 12 13 14 15 16 17
12783 6 12 13 14 15 16 17
12815 6 12 13 14 15 16 17
12847 6 12 13 14 15 16 17
153 1 13
229 1 13
463 1 13
639 1 13
717 1 13
743 1 13
989 1 13
1023 1 13
1071 1 13
1263 1 13
1443 1 13
1497 1 13
1533 1 13
1605 1 13
1661 1 13
1895 1 13
1903 1 13
1963 1 13
2107 1 13
2191 1 13
2215 1 13
2311 1 13
2351 1 13
2353 1 13
2511 1 13
2755 1 13
2819 1 13
2893 1 13
2989 1 13
3119 1 13
3185 1 13
3195 1 13
3201 1 13
3269 1 13
3537 1 13
3943 1 13
3959 1 13
3993 1 13
4173 1 13
4357 1 13
4551 1 13
4889 1 13
4919 1 13
5305 1 13
5513 1 13
5517 1 13
5583 1 13
6057 1 13
6229 1 13
6309 1 13
6561 1 13
7011 1 13
7013 1 13
7087 1 13
7261 1 13
7389 1 13
7435 1 13
7505 1 13
7641 1 13
7735 1 13
7755 1 13
7787 1 13
7795 1 13
7827 1 13
7913 1 13
8109 1 13
8237 1 13
8247 1 13
8251 1 13
8355 1 13
8501 1 13
8551 1 13
8553 1 13
8575 1 13
8713 1 13
9151 1 13
9375 1 13
9585 1 13
9629 1 13
9637 1 13
9669 1 13
9833 1 13
9887 1 13
10011 1 13
10105 1 13
10129 1 13
10147 1 13
10151 1 13
10185 1 13
10243 1 13
10285 1 13
10395 1 13
10453 1 13
10589 1 13
10625 1 13
10629 1 13
10905 1 13
11159 1 13
11175 1 13
11263 1 13
12125 1 13
12173 1 13
12189 1 13
12299 1 13
12309 1 13
12317 1 13
12383 1 13
12395 1 13
12577 1 13
12583 1 13
12585 1 13
12633 1 13
12713 1 13
12775 1 13
12837 1 13
12961 1 13
13127 1 13
93 4 14 15 16 17
479 4 14 15 16 17
523 4 14 15 16 17
733 4 14 15 16 17
761 4 14 15 16 17
1115 4 14 15 16 17
1133 4 14 15 16 17
1375 4 14 15 16 17
2127 4 14 15 16 17
2177 4 14 15 16 17
2337 4 14 15 16 17
2477 4 14 15 16 17
2645 4 14 15 16 17
2775 4 14 15 16 17
3123 4 14 15 16 17
3307 4 14 15 16 17
3917 4 14 15 16 17
3987 4 14 15 16 17
4579 4 14 15 16 17
4781 4 14 15 16 17
4847 4 14 15 16 17
4905 4 14 15 16 17
5013 4 14 15 16 17
5451 4 14 15 16 17
5529 4 14 15 16 17
6219 4 14 15 16 17
6377 4 14 15 16 17
6501 4 14 15 16 17
6999 4 14 15 16 17
7107 4 14 15 16 17
7549 4 14 15 16 17
8169 4 14 15 16 17
8231 4 14 15 16 17
8325 4 14 15 16 17
8629 4 14 15 16 17
8775 4 14 15 16 17
9369 4 14 15 16 17
9525 4 14 15 16 17
9663 4 14 15 16 17
9957 4 14 15 16 17
10241 4 14 15 16 17
10649 4 14 15 16 17
10717 4 14 15 16 17
10789 4 14 15 16 17
10919 4 14 15 16 17
11971 4 14 15 16 17
12241 4 14 15 16 17
12253 4 14 15 16 17
12447 4 14 15 16 17
12469 4 14 15 16 17
13009 4 14 15 16 17
507 2 15 16
595 2 15 16
741 2 15 16
1563 2 15 16
5605 2 15 16
6125 2 15 16
8393 2 15 16
10063 2 15 16
10745 2 15 16
12859 2 15 16
1969 1 16
2161 1 16
5555 1 16
5709 1 16
12147 1 16
565 1 17
599 1 17
807 1 17
1081 1 17
1331 1 17
2101 1 17
2769 1 17
2913 1 17
3081 1 17
3103 1 17
3203 1 17
3551 1 17
3599 1 17
3719 1 17
4509 1 17
4701 1 17
5185 1 17
5211 1 17
5679 1 17
6291 1 17
6293 1 17
6403 1 17
7781 1 17
8557 1 17
8563 1 17
9335 1 17
9351 1 17
9813 1 17
10085 1 17
11305 1 17
12825 1 17
13067 1 17
13153 1 17
219 5 18 19 20 21 22
273 5 18 19 20 21 22
491 5 18 19 20 21 22
575 5 18 19 20 21 22
623 5 18 19 20 21 22
627 5 18 19 20 21 22
867 5 18 19 20 21 22
891 5 18 19 20 21 22
965 5 18 19 20 21 22
1033 5 18 19 20 21 22
1059 5 18 19 20 21 22
1117 5 18 19 20 21 22
1293 5 18 19 20 21 22
1295 5 18 19 20 21 22
1329 5 18 19 20 21 22
1529 5 18 19 20 21 22
1535 5 18 19 20 21 22
1597 5 18 19 20 21 22
1819 5 18 19 20 21 22
1857 5 18 19 20 21 22
2345 5 18 19 20 21 22
2779 5 18 19 20 21 22
2845 5 18 19 20 21 22
2931 5 18 19 20 21 22
2949 5 18 19 20 21 22
2953 5 18 19 20 21 22
2963 5 18 19 20 21 22
3301 5 18 19 20 21 22
3329 5 18 19 20 21 22
3331 5 18 19 20 21 22
3555 5 18 19 20 21 22
3721 5 18 19 20 21 22
3953 5 18 19 20 21 22
4135 5 18 19 20 21 22
4161 5 18 19 20 21 22
4419 5 18 19 20 21 22
4461 5 18 19 20 21 22
4917 5 18 19 20 21 22
4983 5 18 19 20 21 22
5183 5 18 19 20 21 22
5217 5 18 19 20 21 22
5323 5 18 19 20 21 22
5381 5 18 19 20 21 22
5401 5 18 19 20 21 22
5613 5 18 19 20 21 22
5659 5 18 19 20 21 22
5661 5 18 19 20 21 22
5795 5 18 19 20 21 22
5969 5 18 19 20 21 22
6003 5 18 19 20 21 22
6051 5 18 19 20 21 22
6145 5 18 19 20 21 22
6413 5 18 19 20 21 22
6697 5 18 19 20 21 22
6729 5 18 19 20 21 22
6733 5 18 19 20 21 22
6985 5 18 19 20 21 22
7067 5 18 19 20 21 22
7089 5 18 19 20 21 22
7423 5 18 19 20 21 22
7573 5 18 19 20 21 22
7619 5 18 19 20 21 22
7765 5 18 19 20 21 22
7931 5 18 19 20 21 22
8003 5 18 19 20 21 22
8023 5 18 19 20 21 22
8049 5 18 19 20 21 22
8249 5 18 19 20 21 22
8331 5 18 19 20 21 22
8363 5 18 19 20 21 22
8601 5 18 19 20 21 22
8627 5 18 19 20 21 22
8725 5 18 19 20 21 22
8793 5 18 19 20 21 22
9007 5 18 19 20 21 22
9047 5 18 19 20 21 22
9105 5 18 19 20 21 22
9171 5 18 19 20 21 22
9183 5 18 19 20 21 22
9191 5 18 19 20 21 22
9545 5 18 19 20 21 22
9553 5 18 19 20 21 22
9621 5 18 19 20 21 22
9643 5 18 19 20 21 22
9705 5 18 19 20 21 22
9799 5 18 19 20 21 22
9815 5 18 19 20 21 22
10017 5 18 19 20 21 22
10031 5 18 19 20 21 22
10403 5 18 19 20 21 22
10597 5 18 19 20 21 22
10795 5 18 19 20 21 22
10819 5 18 19 20 21 22
11089 5 18 19 20 21 22
11847 5 18 19 20 21 22
11939 5 18 19 20 21 22
12195 5 18 19 20 21 22
12489 5 18 19 20 21 22
12557 5 18 19 20 21 22
12563 5 18 19 20 21 22
12617 5 18 19 20 21 22
12795 5 18 19 20 21 22
12819 5 18 19 20 21 22
12833 5 18 19 20 21 22
12923 5 18 19 20 21 22
13131 5 18 19 20 21 22
313 1 19
4543 1 19
4677 1 19
4775 1 19
4879 1 19
5697 1 19
6013 1 19
7459 1 19
8151 1 19
9035 1 19
10923 1 19
12103 1 19
157 3 20 21 22
2907 3 20 21 22
5629 3 20 21 22
8105 3 20 21 22
11079 3 20 21 22
12283 3 20 21 22
2307 1 21
3685 1 21
6581 1 21
6721 1 21
7201 1 21
10587 1 21
12045 1 21
259 1 22
655 1 22
707 1 22
943 1 22
1061 1 22
1345 1 22
1897 1 22
2017 1 22
2397 1 22
2509 1 22
2677 1 22
3693 1 22
3745 1 22
3989 1 22
4201 1 22
4217 1 22
4541 1 22
4739 1 22
4909 1 22
5415 1 22
5481 1 22
5761 1 22
6133 1 22
6687 1 22
7077 1 22
7191 1 22
7273 1 22
7405 1 22
7503 1 22
7791 1 22
7809 1 22
8357 1 22
8507 1 22
8537 1 22
8559 1 22
8603 1 22
8637 1 22
9013 1 22
9073 1 22
9167 1 22
9459 1 22
9683 1 22
10419 1 22
10751 1 22
11165 1 22
11425 1 22
11611 1 22
12381 1 22
12697 1 22
12915 1 22
13087 1 22
211 11 23 24 25 26 27 28 29 30 31 32 33
929 11 23 24 25 26 27 28 29 30 31 32 33
1441 11 23 24 25 26 27 28 29 30 31 32 33
2009 11 23 24 25 26 27 28 29 30 31 32 33
2249 11 23 24 25 26 27 28 29 30 31 32 33
2675 11 23 24 25 26 27 28 29 30 31 32 33
2683 11 23 24 25 26 27 28 29 30 31 32 33
2789 11 23 24 25 26 27 28 29 30 31 32 33
3929 11 23 24 25 26 27 28 29 30 31 32 33
4325 11 23 24 25 26 27 28 29 30 31 32 33
4457 11 23 24 25 26 27 28 29 30 31 32 33
5985 11 23 24 25 26 27 28 29 30 31 32 33
6027 11 23 24 25 26 27 28 29 30 31 32 33
6539 11 23 24 25 26 27 28 29 30 31 32 33
6609 11 23 24 25 26 27 28 29 30 31 32 33
6667 11 23 24 25 26 27 28 29 30 31 32 33
7027 11 23 24 25 26 27 28 29 30 31 32 33
7737 11 23 24 25 26 27 28 29 30 31 32 33
7815 11 23 24 25 26 27 28 29 30 31 32 33
7969 11 23 24 25 26 27 28 29 30 31 32 33
8305 11 23 24 25 26 27 28 29 30 31 32 33
8639 11 23 24 25 26 27 28 29 30 31 32 33
8993 11 23 24 25 26 27 28 29 30 31 32 33
9675 11 23 24 25 26 27 28 29 30 31 32 33
9753 11 23 24 25 26 27 28 29 30 31 32 33
9909 11 23 24 25 26 27 28 29 30 31 32 33
10139 11 23 24 25 26 27 28 29 30 31 32 33
10583 11 23 24 25 26 27 28 29 30 31 32 33
11157 11 23 24 25 26 27 28 29 30 31 32 33
11373 11 23 24 25 26 27 28 29 30 31 32 33
11403 11 23 24 25 26 27 28 29 30 31 32 33
11427 11 23 24 25 26 27 28 29 30 31 32 33
11519 11 23 24 25 26 27 28 29 30 31 32 33
11659 11 23 24 25 26 27 28 29 30 31 32 33
12099 11 23 24 25 26 27 28 29 30 31 32 33
12329 11 23 24 25 26 27 28 29 30 31 32 33
12999 11 23 24 25 26 27 28 29 30 31 32 33
13085 11 23 24 25 26 27 28 29 30 31 32 33
13099 11 23 24 25 26 27 28 29 30 31 32 33
349 5 24 25 26 27 28
873 5 24 25 26 27 28
1515 5 24 25 26 27 28
1721 5 24 25 26 27 28
2489 5 24 25 26 27 28
2521 5 24 25 26 27 28
3757 5 24 25 26 27 28
5567 5 24 25 26 27 28
5723 5 24 25 26 27 28
6267 5 24 25 26 27 28
6341 5 24 25 26 27 28
7751 5 24 25 26 27 28
8171 5 24 25 26 27 28
8735 5 24 25 26 27 28
8985 5 24 25 26 27 28
9023 5 24 25 26 27 28
9463 5 24 25 26 27 28
9901 5 24 25 26 27 28
10681 5 24 25 26 27 28
12481 5 24 25 26 27 28
12579 5 24 25 26 27 28
12839 5 24 25 26 27 28
179 1 25
271 1 25
593 1 25
689 1 25
1271 1 25
1591 1 25
1683 1 25
1691 1 25
2653 1 25
3143 1 25
3277 1 25
3997 1 25
4277 1 25
4869 1 25
5457 1 25
6061 1 25
8223 1 25
8391 1 25
8611 1 25
9147 1 25
9227 1 25
10051 1 25
10203 1 25
10781 1 25
12351 1 25
12377 1 25
12609 1 25
133 1 26
177 1 26
361 1 26
563 1 26
875 1 26
893 1 26
1057 1 26
1145 1 26
1461 1 26
1707 1 26
2363 1 26
2801 1 26
2935 1 26
2943 1 26
2983 1 26
2991 1 26
3229 1 26
3235 1 26
3603 1 26
3773 1 26
3907 1 26
3911 1 26
3947 1 26
4345 1 26
4497 1 26
4675 1 26
4819 1 26
4837 1 26
5393 1 26
5549 1 26
5561 1 26
5691 1 26
6101 1 26
6443 1 26
6535 1 26
6569 1 26
7105 1 26
7441 1 26
7713 1 26
8055 1 26
8371 1 26
8467 1 26
9097 1 26
9413 1 26
9555 1 26
9635 1 26
9769 1 26
10377 1 26
10743 1 26
11627 1 26
11681 1 26
12249 1 26
12321 1 26
12333 1 26
12521 1 26
12533 1 26
12619 1 26
12635 1 26
12799 1 26
12841 1 26
12871 1 26
13149 1 26
353 2 27 28
545 2 27 28
553 2 27 28
567 2 27 28
1015 2 27 28
1045 2 27 28
2431 2 27 28
2667 2 27 28
2873 2 27 28
3009 2 27 28
3207 2 27 28
3681 2 27 28
3713 2 27 28
4639 2 27 28
4901 2 27 28
5491 2 27 28
5993 2 27 28
6067 2 27 28
6157 2 27 28
7297 2 27 28
7431 2 27 28
7583 2 27 28
7825 2 27 28
7897 2 27 28
8039 3 27 28 28
8669 2 27 28
9543 2 27 28
9665 2 27 28
9791 2 27 28
10189 2 27 28
10609 2 27 28
10755 2 27 28
11087 2 27 28
11961 2 27 28
11979 2 27 28
12569 2 27 28
12727 2 27 28
12793 2 27 28
233 1 28
363 1 28
935 1 28
1103 1 28
1495 1 28
1939 1 28
2047 1 28
2371 1 28
2787 1 28
3621 1 28
3779 1 28
4015 1 28
4209 1 28
4417 1 28
4545 1 28
4891 1 28
5359 1 28
5553 1 28
5617 1 28
6015 1 28
6537 1 28
6701 1 28
8131 1 28
8303 1 28
8867 1 28
9109 1 28
9707 1 28
11283 1 28
12581 1 28
12725 1 28
307 3 29 30 31
1285 3 29 30 31
1313 3 29 30 31
1321 3 29 30 31
2407 3 29 30 31
2643 3 29 30 31
3217 3 29 30 31
3335 3 29 30 31
6099 3 29 30 31
8365 3 29 30 31
9407 3 29 30 31
1357 2 30 31
1669 2 30 31
1885 2 30 31
2687 2 30 31
2985 2 30 31
3147 2 30 31
4021 2 30 31
4413 2 30 31
5033 2 30 31
5675 2 30 31
6575 2 30 31
6903 2 30 31
7477 2 30 31
8521 2 30 31
8613 2 30 31
8655 2 30 31
9011 2 30 31
10613 2 30 31
10647 2 30 31
10899 2 30 31
11805 2 30 31
12187 2 30 31
12599 2 30 31
12701 2 30 31
12933 2 30 31
257 1 31
845 1 31
1847 1 31
2187 1 31
2207 1 31
2283 1 31
2523 1 31
2679 1 31
2797 1 31
2999 1 31
3159 1 31
3647 1 31
4083 1 31
4151 1 31
4233 1 31
4319 1 31
4355 1 31
4525 1 31
4661 1 31
4927 1 31
5055 1 31
5511 1 31
5655 1 31
5997 1 31
6437 1 31
7501 1 31
7587 1 31
7775 1 31
7885 1 31
7961 1 31
8213 1 31
8765 1 31
9033 1 31
9851 1 31
9885 1 31
10037 1 31
10409 1 31
10839 1 31
10841 1 31
11295 1 31
11441 1 31
11871 1 31
12325 1 31
12877 1 31
12941 1 31
12963 1 31
13119 1 31
13169 1 31
43 1 32
115 1 32
149 1 32
343 1 32
643 1 32
685 1 32
797 1 32
1053 1 32
1165 1 32
1275 1 32
1337 1 32
1353 1 32
1493 1 32
2025 1 32
2137 1 32
2219 1 32
2331 1 32
2347 1 32
2791 1 32
2805 1 32
2903 1 32
3325 1 32
3327 1 32
3709 1 32
3769 1 32
3949 1 32
4157 1 32
4353 1 32
4647 1 32
4695 1 32
4865 1 32
4925 1 32
4929 1 32
4939 1 32
5047 1 32
5303 1 32
5365 1 32
5575 1 32
5673 1 32
5791 1 32
5801 1 32
6171 1 32
6189 1 32
6243 1 32
6305 1 32
6995 1 32
7121 1 32
7413 1 32
7485 1 32
7497 1 32
7575 1 32
7607 1 32
8145 1 32
8147 1 32
8347 1 32
8457 1 32
8545 1 32
8777 1 32
8945 1 32
8957 1 32
9185 1 32
9371 1 32
9383 1 32
9393 1 32
9563 1 32
9807 1 32
9843 1 32
9915 1 32
9943 1 32
10073 1 32
10117 1 32
10381 1 32
10669 1 32
10815 1 32
10873 1 32
11359 1 32
11361 1 32
11383 1 32
11587 1 32
12233 1 32
12363 1 32
12441 1 32
12543 1 32
12699 1 32
12773 1 32
13013 1 32
13073 1 32
13141 1 32
235 1 33
319 1 33
333 1 33
493 1 33
977 1 33
1425 1 33
1607 1 33
1823 1 33
1947 1 33
2317 1 33
2393 1 33
2785 1 33
3219 1 33
3575 1 33
3803 1 33
4213 1 33
4445 1 33
4471 1 33
4807 1 33
4821 1 33
5425 1 33
5667 1 33
5683 1 33
6529 1 33
6553 1 33
6683 1 33
6725 1 33
7465 1 33
7585 1 33
7719 1 33
7975 1 33
8647 1 33
9181 1 33
13296 1 33
9505 1 33
9517 1 33
10179 1 33
11265 1 33
11273 1 33
11371 1 33
11909 1 33
12823 1 33
13115 1 33
181 6 34 35 36 37 38 39
371 6 34 35 36 37 38 39
695 6 34 35 36 37 38 39
745 6 34 35 36 37 38 39
1009 6 34 35 36 37 38 39
1101 6 34 35 36 37 38 39
1283 6 34 35 36 37 38 39
1325 6 34 35 36 37 38 39
1613 6 34 35 36 37 38 39
1689 6 34 35 36 37 38 39
1701 6 34 35 36 37 38 39
2181 6 34 35 36 37 38 39
2229 6 34 35 36 37 38 39
2237 6 34 35 36 37 38 39
2319 6 34 35 36 37 38 39
2841 6 34 35 36 37 38 39
4223 6 34 35 36 37 38 39
4313 6 34 35 36 37 38 39
4317 6 34 35 36 37 38 39
4371 6 34 35 36 37 38 39
4717 6 34 35 36 37 38 39
4729 6 34 35 36 37 38 39
4965 6 34 35 36 37 38 39
4987 6 34 35 36 37 38 39
5077 6 34 35 36 37 38 39
5137 6 34 35 36 37 38 39
5155 6 34 35 36 37 38 39
5351 6 34 35 36 37 38 39
5487 6 34 35 36 37 38 39
5497 6 34 35 36 37 38 39
6073 6 34 35 36 37 38 39
6089 6 34 35 36 37 38 39
6091 6 34 35 36 37 38 39
6361 6 34 35 36 37 38 39
6391 6 34 35 36 37 38 39
6603 6 34 35 36 37 38 39
6713 6 34 35 36 37 38 39
6861 6 34 35 36 37 38 39
7003 6 34 35 36 37 38 39
7115 6 34 35 36 37 38 39
7237 6 34 35 36 37 38 39
7241 6 34 35 36 37 38 39
7397 6 34 35 36 37 38 39
7551 6 34 35 36 37 38 39
7589 6 34 35 36 37 38 39
7709 6 34 35 36 37 38 39
8159 6 34 35 36 37 38 39
8949 6 34 35 36 37 38 39
9199 6 34 35 36 37 38 39
9239 6 34 35 36 37 38 39
9569 6 34 35 36 37 38 39
10027 6 34 35 36 37 38 39
10093 6 34 35 36 37 38 39
10145 6 34 35 36 37 38 39
10217 6 34 35 36 37 38 39
10617 6 34 35 36 37 38 39
10847 6 34 35 36 37 38 39
11409 6 34 35 36 37 38 39
11415 6 34 35 36 37 38 39
11433 6 34 35 36 37 38 39
12123 6 34 35 36 37 38 39
12277 6 34 35 36 37 38 39
12393 6 34 35 36 37 38 39
12535 6 34 35 36 37 38 39
12741 6 34 35 36 37 38 39
12851 6 34 35 36 37 38 39
12855 6 34 35 36 37 38 39
12911 6 34 35 36 37 38 39
12985 6 34 35 36 37 38 39
13059 6 34 35 36 37 38 39
13105 6 34 35 36 37 38 39
13125 6 34 35 36 37 38 39
999 2 35 36
1281 2 35 36
1807 2 35 36
2293 2 35 36
2975 2 35 36
4899 2 35 36
5111 2 35 36
6521 2 35 36
6525 2 35 36
7831 2 35 36
8321 2 35 36
8561 2 35 36
9671 2 35 36
10223 2 35 36
10467 2 35 36
10603 2 35 36
10797 2 35 36
11639 2 35 36
12497 2 35 36
147 1 36
1413 1 36
1887 1 36
1949 1 36
2495 1 36
2651 1 36
2681 1 36
2977 1 36
3221 1 36
3347 1 36
4549 1 36
4645 1 36
4923 1 36
4943 1 36
5121 1 36
5245 1 36
5743 1 36
6511 1 36
7517 1 36
8097 1 36
8547 1 36
8687 1 36
9501 1 36
9881 1 36
10201 1 36
10801 1 36
11943 1 36
12129 1 36
12763 1 36
13061 1 36
71 3 37 38 39
285 3 37 38 39
661 3 37 38 39
1097 3 37 38 39
1517 3 37 38 39
4443 3 37 38 39
4799 3 37 38 39
6573 3 37 38 39
7289 3 37 38 39
7499 3 37 38 39
9025 3 37 38 39
9161 3 37 38 39
10015 3 37 38 39
41 1 38
469 1 38
555 1 38
1185 1 38
4349 1 38
5815 1 38
6547 1 38
8005 1 38
8047 1 38
8999 1 38
9265 1 38
9677 1 38
10633 1 38
10909 1 38
13091 1 38
13117 1 38
63 1 39
1815 1 39
1935 1 39
2225 1 39
2357 1 39
2799 1 39
3041 1 39
3667 1 39
4081 1 39
5515 1 39
6325 1 39
6335 1 39
7305 1 39
8695 1 39
9385 1 39
10079 1 39
10363 1 39
10901 1 39
11411 1 39
12809 1 39
13079 1 39
587 10 40 41 42 43 44 45 46 47 48 49
1567 10 40 41 42 43 44 45 46 47 48 49
2075 10 40 41 42 43 44 45 46 47 48 49
2271 10 40 41 42 43 44 45 46 47 48 49
2321 10 40 41 42 43 44 45 46 47 48 49
3291 10 40 41 42 43 44 45 46 47 48 49
3609 10 40 41 42 43 44 45 46 47 48 49
4341 10 40 41 42 43 44 45 46 47 48 49
6063 10 40 41 42 43 44 45 46 47 48 49
7547 10 40 41 42 43 44 45 46 47 48 49
8123 10 40 41 42 43 44 45 46 47 48 49
9229 10 40 41 42 43 44 45 46 47 48 49
9499 10 40 41 42 43 44 45 46 47 48 49
10665 10 40 41 42 43 44 45 46 47 48 49
11149 10 40 41 42 43 44 45 46 47 48 49
12291 10 40 41 42 43 44 45 46 47 48 49
12373 10 40 41 42 43 44 45 46 47 48 49
12951 10 40 41 42 43 44 45 46 47 48 49
3493 2 41 42
3541 2 41 42
3963 2 41 42
4255 2 41 42
4369 2 41 42
4577 2 41 42
4887 2 41 42
5093 2 41 42
5141 2 41 42
5977 2 41 42
6211 2 41 42
7253 2 41 42
7903 2 41 42
9089 2 41 42
9613 2 41 42
10881 2 41 42
11819 2 41 42
11957 2 41 42
12831 2 41 42
765 1 42
1031 1 42
2079 1 42
2879 1 42
3155 1 42
3161 1 42
3561 1 42
3665 1 42
3701 1 42
4085 1 42
4259 1 42
4303 1 42
5129 1 42
5719 1 42
6071 1 42
6227 1 42
7433 1 42
7727 1 42
7805 1 42
7965 1 42
8201 1 42
9917 1 42
9945 1 42
10871 1 42
12549 1 42
12711 1 42
12761 1 42
13037 1 42
193 2 43 44
815 2 43 44
819 2 43 44
1041 2 43 44
1381 2 43 44
1521 2 43 44
1901 2 43 44
2057 2 43 44
2369 2 43 44
2441 2 43 44
2875 2 43 44
2877 2 43 44
3067 2 43 44
3175 2 43 44
3925 2 43 44
4307 2 43 44
4861 2 43 44
5317 2 43 44
5341 2 43 44
5419 2 43 44
5527 2 43 44
6399 2 43 44
6433 2 43 44
6599 2 43 44
7359 2 43 44
7625 2 43 44
7915 2 43 44
8017 2 43 44
8641 2 43 44
8791 2 43 44
9339 2 43 44
9509 2 43 44
9513 2 43 44
9871 2 43 44
10071 2 43 44
10127 2 43 44
10169 2 43 44
10357 2 43 44
10689 2 43 44
10887 2 43 44
11181 2 43 44
11585 2 43 44
11973 2 43 44
12131 2 43 44
12305 2 43 44
12341 2 43 44
12561 2 43 44
12651 2 43 44
12879 2 43 44
12973 2 43 44
12977 2 43 44
13107 2 43 44
51 1 44
267 1 44
551 1 44
817 1 44
869 1 44
1167 1 44
1365 1 44
2091 1 44
2297 1 44
3233 1 44
3353 1 44
3661 1 44
4009 1 44
4097 1 44
4339 1 44
4777 1 44
5321 1 44
5479 1 44
6049 1 44
7183 1 44
7213 1 44
7443 1 44
7469 1 44
8463 1 44
8527 1 44
9215 1 44
10425 1 44
11067 1 44
11365 1 44
11467 1 44
11865 1 44
11955 1 44
12159 1 44
12297 1 44
12335 1 44
13103 1 44
57 1 45
1239 1 45
1569 1 45
2367 1 45
2777 1 45
3303 1 45
4185 1 45
5193 1 45
5311 1 45
5349 1 45
6121 1 45
6261 1 45
6303 1 45
7001 1 45
7093 1 45
7577 1 45
8349 1 45
9143 1 45
9681 1 45
10095 1 45
10785 1 45
11807 1 45
13021 1 45
13093 1 45
1663 4 46 47 48 49
3039 4 46 47 48 49
3937 4 46 47 48 49
5447 4 46 47 48 49
7593 4 46 47 48 49
7779 4 46 47 48 49
10711 4 46 47 48 49
671 1 47
1173 1 47
2399 1 47
3205 1 47
3733 1 47
3789 1 47
4119 1 47
5729 1 47
6269 1 47
9269 1 47
9645 1 47
167 2 48 49
915 2 48 49
1865 2 48 49
2295 2 48 49
2899 2 48 49
3085 2 48 49
3265 2 48 49
4141 2 48 49
5127 2 48 49
5223 2 48 49
5231 2 48 49
7045 2 48 49
7223 2 48 49
7393 2 48 49
8997 2 48 49
9205 2 48 49
9435 2 48 49
9693 2 48 49
10401 2 48 49
10593 2 48 49
11953 2 48 49
13055 2 48 49
13165 2 48 49
771 1 49
1601 1 49
3687 1 49
5177 1 49
8103 1 49
8531 1 49
12733 1 49
13071 1 49
2227 5 50 51 52 53 54
3079 5 50 51 52 53 54
3193 5 50 51 52 53 54
3651 5 50 51 52 53 54
3981 5 50 51 52 53 54
5079 5 50 51 52 53 54
5353 5 50 51 52 53 54
6503 5 50 51 52 53 54
6551 5 50 51 52 53 54
7111 5 50 51 52 53 54
8385 5 50 51 52 53 54
8511 5 50 51 52 53 54
8731 5 50 51 52 53 54
9091 5 50 51 52 53 54
9457 5 50 51 52 53 54
10087 5 50 51 52 53 54
10699 5 50 51 52 53 54
11873 5 50 51 52 53 54
12049 5 50 51 52 53 54
12245 5 50 51 52 53 54
12303 5 50 51 52 53 54
12845 5 50 51 52 53 54
921 4 51 52 53 54
1917 4 51 52 53 54
2383 4 51 52 53 54
3077 4 51 52 53 54
3257 4 51 52 53 54
5291 4 51 52 53 54
6047 4 51 52 53 54
6131 4 51 52 53 54
6201 4 51 52 53 54
6375 4 51 52 53 54
7079 4 51 52 53 54
7279 4 51 52 53 54
8207 4 51 52 53 54
8633 4 51 52 53 54
9405 4 51 52 53 54
10047 4 51 52 53 54
10161 4 51 52 53 54
10199 4 51 52 53 54
10621 4 51 52 53 54
10835 4 51 52 53 54
11851 4 51 52 53 54
11905 4 51 52 53 54
12121 4 51 52 53 54
12343 4 51 52 53 54
12979 4 51 52 53 54
13095 4 51 52 53 54
767 2 52 53
1099 2 52 53
1149 2 52 53
2053 2 52 53
2853 2 52 53
3985 2 52 53
6035 2 52 53
8203 2 52 53
9203 2 52 53
9443 2 52 53
9893 2 52 53
12957 2 52 53
225 1 53
265 1 53
369 1 53
511 1 53
597 1 53
715 1 53
1491 1 53
3017 1 53
3045 1 53
3251 1 53
3359 1 53
3645 1 53
3673 1 53
4285 1 53
4501 1 53
5463 1 53
5681 1 53
5807 1 53
6011 1 53
6237 1 53
6347 1 53
7095 1 53
7489 1 53
8019 1 53
8319 1 53
8337 1 53
9233 1 53
9235 1 53
9529 1 53
9531 1 53
9549 1 53
9579 1 53
9687 1 53
9727 1 53
10013 1 53
11391 1 53
11867 1 53
12349 1 53
12857 1 53
12947 1 53
119 1 54
227 1 54
795 1 54
799 1 54
1077 1 54
1159 1 54
1371 1 54
1467 1 54
1593 1 54
1993 1 54
2099 1 54
2525 1 54
3083 1 54
3089 1 54
4215 1 54
4709 1 54
5001 1 54
5015 1 54
5109 1 54
5213 1 54
5327 1 54
5333 1 54
5597 1 54
6583 1 54
7259 1 54
7797 1 54
8015 1 54
8489 1 54
9017 1 54
9079 1 54
9189 1 54
9561 1 54
9661 1 54
9781 1 54
9811 1 54
9865 1 54
9899 1 54
9927 1 54
10081 1 54
10761 1 54
11431 1 54
11439 1 54
11911 1 54
12313 1 54
12527 1 54
12645 1 54
12715 1 54
13121 1 54
907 1 55
1089 1 55
2339 1 55
4293 1 55
4671 1 55
4871 1 55
4903 1 55
5433 1 55
5587 1 55
5811 1 55
6169 1 55
6215 1 55
6411 1 55
6611 1 55
7395 1 55
7777 1 55
8311 1 55
8513 1 55
9249 1 55
9895 1 55
10477 1 55
10701 1 55
10931 1 55
11317 1 55
11453 1 55
11653 1 55
11655 1 55
11893 1 55
12247 1 55
12863 1 55
97 10 56 57 58 59 60 61 62 63 64 65
217 10 56 57 58 59 60 61 62 63 64 65
475 10 56 57 58 59 60 61 62 63 64 65
995 10 56 57 58 59 60 61 62 63 64 65
1035 10 56 57 58 59 60 61 62 63 64 65
7181 10 56 57 58 59 60 61 62 63 64 65
9019 10 56 57 58 59 60 61 62 63 64 65
9461 10 56 57 58 59 60 61 62 63 64 65
55 3 57 58 59
113 3 57 58 59
749 3 57 58 59
849 3 57 58 59
853 3 57 58 59
871 3 57 58 59
1255 3 57 58 59
1287 3 57 58 59
1439 3 57 58 59
1695 3 57 58 59
1711 3 57 58 59
1851 3 57 58 59
2003 3 57 58 59
2457 3 57 58 59
2491 3 57 58 59
2871 3 57 58 59
3577 3 57 58 59
3999 3 57 58 59
4365 3 57 58 59
4791 3 57 58 59
5169 3 57 58 59
5189 3 57 58 59
6045 3 57 58 59
6401 3 57 58 59
6691 3 57 58 59
7193 3 57 58 59
7387 3 57 58 59
7455 3 57 58 59
8359 3 57 58 59
8873 3 57 58 59
9391 3 57 58 59
9793 3 57 58 59
11193 3 57 58 59
12301 3 57 58 59
12703 3 57 58 59
12707 3 57 58 59
12777 3 57 58 59
315 1 58
709 1 58
739 1 58
2455 1 58
2515 1 58
2919 1 58
4305 1 58
4793 1 58
5637 1 58
7057 1 58
7199 1 58
9049 1 58
10057 1 58
10595 1 58
10891 1 58
12133 1 58
461 1 59
497 1 59
519 1 59
789 1 59
1537 1 59
1675 1 59
2377 1 59
3179 1 59
4193 1 59
4241 1 59
4475 1 59
5063 1 59
5133 1 59
5197 1 59
5215 1 59
7401 1 59
7527 1 59
7717 1 59
8327 1 59
9849 1 59
10097 1 59
10253 1 59
11595 1 59
12339 1 59
12541 1 59
12627 1 59
13031 1 59
201 3 60 61 62
1635 3 60 61 62
2287 3 60 61 62
2465 3 60 61 62
2485 3 60 61 62
2955 3 60 61 62
3923 3 60 61 62
4563 3 60 61 62
8377 3 60 61 62
8967 3 60 61 62
9785 3 60 61 62
10239 3 60 61 62
11617 4 60 61 62 62
12135 3 60 61 62
12709 3 60 61 62
12873 3 60 61 62
85 1 61
1083 1 61
1447 1 61
1551 1 61
2415 1 61
2665 1 61
2817 1 61
3015 1 61
3231 1 61
3539 1 61
3797 1 61
3801 1 61
4301 1 61
4723 1 61
4767 1 61
4867 1 61
5579 1 61
6205 1 61
6321 1 61
6541 1 61
7987 1 61
8241 1 61
8609 1 61
8961 1 61
9625 1 61
10247 1 61
10591 1 61
11523 1 61
11621 1 61
12181 1 61
12767 1 61
12969 1 61
255 1 62
269 1 62
341 1 62
359 1 62
465 1 62
537 1 62
835 1 62
1005 1 62
1137 1 62
1437 1 62
1583 1 62
1599 1 62
1855 1 62
1989 1 62
2443 1 62
2539 1 62
2969 1 62
3613 1 62
3631 1 62
3897 1 62
4093 1 62
4143 1 62
4287 1 62
4523 1 62
4715 1 62
4749 1 62
4881 1 62
5057 1 62
5181 1 62
5445 1 62
5455 1 62
5813 1 62
6299 1 62
6337 1 62
6371 1 62
6545 1 62
6617 1 62
6715 1 62
7173 1 62
7757 1 62
7769 1 62
7955 1 62
8471 1 62
8491 1 62
8541 1 62
8581 1 62
8653 1 62
8701 1 62
8717 1 62
8769 1 62
9065 1 62
9373 1 62
9609 1 62
9695 1 62
9713 1 62
9919 1 62
9947 1 62
10159 1 62
10225 1 62
10441 1 62
10733 1 62
11177 1 62
11457 1 62
11861 1 62
12097 1 62
12207 1 62
12559 1 62
12943 1 62
59 1 63
99 1 63
105 1 63
447 1 63
489 1 63
703 1 63
721 1 63
851 1 63
911 1 63
945 1 63
959 1 63
1019 1 63
1395 1 63
1727 1 63
1839 1 63
2035 1 63
2171 1 63
2195 1 63
2289 1 63
2325 1 63
2421 1 63
2663 1 63
2763 1 63
3061 1 63
3093 1 63
3211 1 63
3333 1 63
3489 1 63
3601 1 63
4107 1 63
4249 1 63
4257 1 63
4429 1 63
4433 1 63
4479 1 63
4681 1 63
4697 1 63
4979 1 63
5149 1 63
5205 1 63
5229 1 63
5235 1 63
5293 1 63
5371 1 63
5407 1 63
5449 1 63
5505 1 63
5591 1 63
5705 1 63
6109 1 63
6117 1 63
6149 1 63
6281 1 63
6319 1 63
7065 1 63
7429 1 63
7553 1 63
7711 1 63
7919 1 63
7981 1 63
8175 1 63
8469 1 63
8517 1 63
8523 1 63
8645 1 63
8677 1 63
8683 1 63
9341 1 63
9535 1 63
9551 1 63
9767 1 63
9801 1 63
10045 1 63
10111 1 63
10385 1 63
10415 1 63
10619 1 63
10709 1 63
10731 1 63
10883 1 63
11077 1 63
11163 1 63
11303 1 63
11429 1 63
11657 1 63
13326 1 63
11803 1 63
11829 1 63
12171 1 63
12575 1 63
12655 1 63
12723 1 63
12867 1 63
13063 1 63
13089 1 63
501 1 64
925 1 64
1717 1 64
4315 1 64
4937 1 64
4963 1 64
4971 1 64
5475 1 64
6349 1 64
6385 1 64
6613 1 64
7029 1 64
7901 1 64
8167 1 64
8183 1 64
8591 1 64
8685 1 64
9123 1 64
9485 1 64
10925 1 64
11647 1 64
11963 1 64
11977 1 64
12271 1 64
12593 1 64
13133 1 64
95 1 65
3313 1 65
4005 1 65
4105 1 65
4469 1 65
691 1 66
2105 1 66
2327 1 66
7203 1 66
9573 1 66
9699 1 66
12231 1 66
12647 1 66
3157 4 67 68 69 70
3259 4 67 68 69 70
3653 4 67 68 69 70
6527 4 67 68 69 70
8343 4 67 68 69 70
11335 4 67 68 69 70
11929 4 67 68 69 70
12457 4 67 68 69 70
295 1 68
837 1 68
979 1 68
1333 1 68
1587 1 68
1911 1 68
2403 1 68
2671 1 68
3177 1 68
3267 1 68
4431 1 68
4439 1 68
4643 1 68
4779 1 68
5039 1 68
5593 1 68
6381 1 68
6523 1 68
7021 1 68
7697 1 68
7729 1 68
8177 1 68
8185 1 68
8675 1 68
9879 1 68
9897 1 68
10021 1 68
10213 1 68
10809 1 68
11389 1 68
12143 1 68
12209 1 68
12401 1 68
1037 1 69
1483 1 69
1519 1 69
1955 1 69
1973 1 69
1987 1 69
2259 1 69
2281 1 69
2835 1 69
2909 1 69
3321 1 69
3625 1 69
4329 1 69
4331 1 69
4949 1 69
5219 1 69
5237 1 69
6115 1 69
7281 1 69
8625 1 69
8667 1 69
10055 1 69
10641 1 69
10741 1 69
10759 1 69
10885 1 69
11073 1 69
11521 1 69
11603 1 69
12757 1 69
12791 1 69
12803 1 69
12805 1 69
737 1 70
865 1 70
955 1 70
1829 1 70
2119 1 70
2213 1 70
2241 1 70
2851 1 70
3339 1 70
3785 1 70
4421 1 70
4529 1 70
4789 1 70
4957 1 70
5631 1 70
6531 1 70
8245 1 70
8681 1 70
8757 1 70
9923 1 70
10135 1 70
10857 1 70
11449 1 70
67 1 71
103 1 71
331 1 71
855 1 71
899 1 71
1177 1 71
1487 1 71
1625 1 71
2507 1 71
2689 1 71
3135 1 71
3487 1 71
4089 1 71
4711 1 71
4855 1 71
4911 1 71
5525 1 71
5565 1 71
5695 1 71
5973 1 71
6193 1 71
7043 1 71
7287 1 71
7917 1 71
8361 1 71
8623 1 71
8749 1 71
8939 1 71
9447 1 71
9451 1 71
9789 1 71
12379 1 71
12927 1 71
45 1 72
69 1 72
131 1 72
139 1 72
169 1 72
205 1 72
209 1 72
241 1 72
245 1 72
277 1 72
289 1 72
329 1 72
351 1 72
529 1 72
535 1 72
549 1 72
569 1 72
607 1 72
693 1 72
777 1 72
793 1 72
857 1 72
981 1 72
1073 1 72
1135 1 72
1249 1 72
1251 1 72
1307 1 72
1319 1 72
1363 1 72
1369 1 72
1415 1 72
1435 1 72
1465 1 72
1531 1 72
1541 1 72
1577 1 72
1617 1 72
1641 1 72
1667 1 72
1697 1 72
1805 1 72
1811 1 72
1825 1 72
1837 1 72
1875 1 72
1907 1 72
1953 1 72
1957 1 72
1979 1 72
2007 1 72
2043 1 72
2067 1 72
2163 1 72
2183 1 72
2201 1 72
2269 1 72
2341 1 72
2459 1 72
2467 1 72
2503 1 72
2647 1 72
2691 1 72
2695 1 72
2703 1 72
2901 1 72
2937 1 72
2997 1 72
3043 1 72
3091 1 72
3137 1 72
3287 1 72
3305 1 72
3583 1 72
3589 1 72
3695 1 72
3699 1 72
3703 1 72
3707 1 72
3727 1 72
3747 1 72
3751 1 72
3759 1 72
3799 1 72
3903 1 72
4111 1 72
4159 1 72
4251 1 72
4295 1 72
4359 1 72
4441 1 72
4487 1 72
4495 1 72
4505 1 72
4633 1 72
4635 1 72
4655 1 72
4665 1 72
4759 1 72
4773 1 72
4803 1 72
4809 1 72
4833 1 72
4913 1 72
4933 1 72
4961 1 72
4991 1 72
5005 1 72
5009 1 72
5073 1 72
5117 1 72
5191 1 72
5199 1 72
5319 1 72
5439 1 72
5453 1 72
5461 1 72
5493 1 72
5619 1 72
5623 1 72
5663 1 72
5689 1 72
5699 1 72
5717 1 72
5745 1 72
5975 1 72
5979 1 72
5989 1 72
6023 1 72
6081 1 72
6107 1 72
6129 1 72
6143 1 72
6153 1 72
6173 1 72
6191 1 72
6199 1 72
6207 1 72
6239 1 72
6383 1 72
6415 1 72
6417 1 72
6557 1 72
6585 1 72
6727 1 72
6739 1 72
6901 1 72
7017 1 72
7051 1 72
7103 1 72
7219 1 72
7233 1 72
7271 1 72
7285 1 72
7425 1 72
7447 1 72
7451 1 72
7513 1 72
7523 1 72
7525 1 72
7535 1 72
7543 1 72
7557 1 72
7601 1 72
7611 1 72
7741 1 72
7793 1 72
7811 1 72
7813 1 72
7899 1 72
7953 1 72
7989 1 72
7993 1 72
8029 1 72
8033 1 72
8035 1 72
8091 1 72
8115 1 72
8149 1 72
8161 1 72
8253 1 72
8255 1 72
8373 1 72
8477 1 72
8481 1 72
8483 1 72
8509 1 72
8535 1 72
8651 1 72
8689 1 72
8697 1 72
8869 1 72
8947 1 72
8975 1 72
8987 1 72
8989 1 72
9069 1 72
9087 1 72
9129 1 72
9221 1 72
9243 1 72
9253 1 72
9263 1 72
9411 1 72
9415 1 72
9429 1 72
9433 1 72
9437 1 72
9557 1 72
9689 1 72
9743 1 72
9775 1 72
9805 1 72
9809 1 72
9829 1 72
9883 1 72
10029 1 72
10041 1 72
10075 1 72
10077 1 72
10121 1 72
10359 1 72
10373 1 72
10387 1 72
10663 1 72
10757 1 72
10807 1 72
10821 1 72
10825 1 72
10879 1 72
10921 1 72
11153 1 72
11155 1 72
11185 1 72
11187 1 72
11333 1 72
11345 1 72
11397 1 72
11405 1 72
11417 1 72
11423 1 72
11435 1 72
11463 1 72
11607 1 72
11625 1 72
11641 1 72
11651 1 72
11797 1 72
11831 1 72
11869 1 72
11875 1 72
11877 1 72
11883 1 72
11951 1 72
12145 1 72
12163 1 72
12235 1 72
12251 1 72
12265 1 72
12273 1 72
12289 1 72
12319 1 72
12467 1 72
12483 1 72
12499 1 72
12505 1 72
12515 1 72
12525 1 72
12601 1 72
12629 1 72
12729 1 72
12735 1 72
12797 1 72
12835 1 72
12907 1 72
12921 1 72
12925 1 72
13001 1 72
13017 1 72
13101 1 72
13145 1 72
323 1 73
339 1 73
505 1 73
509 1 73
527 1 73
531 1 73
589 1 73
677 1 73
861 1 73
1125 1 73
1299 1 73
1315 1 73
1445 1 73
1449 1 73
1453 1 73
1459 1 73
1501 1 73
1513 1 73
1539 1 73
1543 1 73
1545 1 73
1621 1 73
1705 1 73
1929 1 73
1937 1 73
1959 1 73
1961 1 73
2013 1 73
2073 1 73
2173 1 73
2231 1 73
2243 1 73
2245 1 73
2375 1 73
2849 1 73
2881 1 73
2885 1 73
2965 1 73
3007 1 73
3075 1 73
3113 1 73
3209 1 73
3337 1 73
3557 1 73
3643 1 73
3649 1 73
3793 1 73
3795 1 73
3905 1 73
3967 1 73
4125 1 73
4137 1 73
4171 1 73
4179 1 73
4189 1 73
4343 1 73
4447 1 73
4513 1 73
4537 1 73
4751 1 73
4761 1 73
4981 1 73
5007 1 73
5023 1 73
5087 1 73
5143 1 73
5335 1 73
5339 1 73
5391 1 73
5427 1 73
5429 1 73
5469 1 73
5485 1 73
5533 1 73
5609 1 73
5685 1 73
5765 1 73
5767 1 73
5981 1 73
6083 1 73
6223 1 73
6225 1 73
6343 1 73
6497 1 73
6675 1 73
6677 1 73
6703 1 73
7023 1 73
7227 1 73
7479 1 73
7579 1 73
7591 1 73
7637 1 73
7763 1 73
7807 1 73
7829 1 73
7887 1 73
7889 1 73
7973 1 73
8043 1 73
8367 1 73
8459 1 73
8479 1 73
8525 1 73
8569 1 73
8585 1 73
8703 1 73
8937 1 73
9021 1 73
9051 1 73
9135 1 73
9137 1 73
9365 1 73
9403 1 73
9419 1 73
9891 1 73
10577 1 73
10643 1 73
10661 1 73
10673 1 73
10687 1 73
10735 1 73
10771 1 73
10859 1 73
10897 1 73
11183 1 73
11189 1 73
11307 1 73
11393 1 73
11469 1 73
11817 1 73
11849 1 73
11863 1 73
12155 1 73
12165 1 73
12169 1 73
12211 1 73
12337 1 73
12439 1 73
12449 1 73
12479 1 73
12485 1 73
12503 1 73
12553 1 73
12591 1 73
12615 1 73
12623 1 73
12781 1 73
12917 1 73
13007 1 73
13097 1 73
13139 1 73
65 1 74
79 1 74
83 1 74
87 1 74
91 1 74
111 1 74
129 1 74
151 1 74
199 1 74
203 1 74
231 1 74
275 1 74
279 1 74
293 1 74
297 1 74
299 1 74
335 1 74
357 1 74
365 1 74
373 1 74
445 1 74
451 1 74
477 1 74
487 1 74
503 1 74
513 1 74
517 1 74
541 1 74
601 1 74
611 1 74
617 1 74
631 1 74
635 1 74
645 1 74
647 1 74
697 1 74
705 1 74
713 1 74
725 1 74
729 1 74
747 1 74
779 1 74
791 1 74
801 1 74
823 1 74
825 1 74
841 1 74
843 1 74
847 1 74
885 1 74
903 1 74
923 1 74
927 1 74
963 1 74
969 1 74
985 1 74
1055 1 74
1079 1 74
1085 1 74
1087 1 74
1093 1 74
1129 1 74
1141 1 74
1153 1 74
1257 1 74
1277 1 74
1311 1 74
1341 1 74
1349 1 74
1355 1 74
1397 1 74
1419 1 74
1455 1 74
1475 1 74
1479 1 74
1527 1 74
1547 1 74
1565 1 74
1573 1 74
1585 1 74
1589 1 74
1631 1 74
1639 1 74
1817 1 74
1821 1 74
1843 1 74
1867 1 74
1879 1 74
1905 1 74
1921 1 74
1925 1 74
1931 1 74
1965 1 74
2015 1 74
2023 1 74
2037 1 74
2049 1 74
2103 1 74
2111 1 74
2115 1 74
2169 1 74
2175 1 74
2189 1 74
2205 1 74
2221 1 74
2247 1 74
2263 1 74
2273 1 74
2279 1 74
2323 1 74
2335 1 74
2343 1 74
2359 1 74
2381 1 74
2391 1 74
2395 1 74
2425 1 74
2427 1 74
2499 1 74
2505 1 74
2529 1 74
2533 1 74
2649 1 74
2669 1 74
2693 1 74
2697 1 74
2759 1 74
2771 1 74
2803 1 74
2807 1 74
2809 1 74
2821 1 74
2843 1 74
2857 1 74
2865 1 74
2867 1 74
2891 1 74
2915 1 74
2921 1 74
2927 1 74
2957 1 74
2967 1 74
2995 1 74
3023 1 74
3025 1 74
3035 1 74
3047 1 74
3055 1 74
3071 1 74
3101 1 74
3129 1 74
3153 1 74
3169 1 74
3189 1 74
3197 1 74
3243 1 74
3247 1 74
3263 1 74
3273 1 74
3275 1 74
3289 1 74
3293 1 74
3315 1 74
3343 1 74
3349 1 74
3351 1 74
3357 1 74
3543 1 74
3545 1 74
3559 1 74
3567 1 74
3629 1 74
3683 1 74
3715 1 74
3739 1 74
3741 1 74
3761 1 74
3771 1 74
3775 1 74
3783 1 74
3787 1 74
3791 1 74
3895 1 74
3927 1 74
3933 1 74
3935 1 74
3945 1 74
3951 1 74
3961 1 74
3969 1 74
3973 1 74
3975 1 74
3995 1 74
4001 1 74
4011 1 74
4109 1 74
4123 1 74
4145 1 74
4177 1 74
4199 1 74
4203 1 74
4235 1 74
4243 1 74
4273 1 74
4275 1 74
4289 1 74
4299 1 74
4309 1 74
4327 1 74
4361 1 74
4373 1 74
4477 1 74
4491 1 74
4511 1 74
4515 1 74
4517 1 74
4521 1 74
4565 1 74
4569 1 74
4575 1 74
4689 1 74
4725 1 74
4727 1 74
4731 1 74
4743 1 74
4753 1 74
4755 1 74
4765 1 74
4783 1 74
4825 1 74
4831 1 74
4839 1 74
4843 1 74
4849 1 74
4857 1 74
4875 1 74
4915 1 74
4931 1 74
4989 1 74
5017 1 74
5049 1 74
5071 1 74
5089 1 74
5165 1 74
5207 1 74
5209 1 74
5297 1 74
5299 1 74
5315 1 74
5369 1 74
5375 1 74
5383 1 74
5489 1 74
5523 1 74
5541 1 74
5551 1 74
5571 1 74
5581 1 74
5615 1 74
5621 1 74
5633 1 74
5643 1 74
5649 1 74
5669 1 74
5677 1 74
5701 1 74
5731 1 74
5739 1 74
5741 1 74
5751 1 74
5763 1 74
5769 1 74
5781 1 74
5783 1 74
5809 1 74
5983 1 74
5987 1 74
5999 1 74
6019 1 74
6021 1 74
6033 1 74
6055 1 74
6139 1 74
6185 1 74
6235 1 74
6247 1 74
6271 1 74
6277 1 74
6285 1 74
6323 1 74
6327 1 74
6363 1 74
6367 1 74
6395 1 74
6423 1 74
6427 1 74
6505 1 74
6513 1 74
6515 1 74
6565 1 74
6577 1 74
6593 1 74
6595 1 74
6607 1 74
6627 1 74
6681 1 74
6695 1 74
6711 1 74
6737 1 74
6743 1 74
6745 1 74
6899 1 74
6907 1 74
6981 1 74
6997 1 74
7039 1 74
7073 1 74
7211 1 74
7217 1 74
7221 1 74
7225 1 74
7251 1 74
7257 1 74
7265 1 74
7267 1 74
7275 1 74
7293 1 74
7307 1 74
7349 1 74
7361 1 74
7391 1 74
7415 1 74
7419 1 74
7467 1 74
7493 1 74
7539 1 74
7563 1 74
7567 1 74
7595 1 74
7631 1 74
7643 1 74
7647 1 74
7653 1 74
7707 1 74
7747 1 74
7759 1 74
7767 1 74
7771 1 74
7785 1 74
7817 1 74
7907 1 74
7941 1 74
7949 1 74
7959 1 74
8009 1 74
8089 1 74
8099 1 74
8113 1 74
8191 1 74
8197 1 74
8199 1 74
8205 1 74
8209 1 74
8217 1 74
8233 1 74
8243 1 74
8307 1 74
8309 1 74
8317 1 74
8335 1 74
8387 1 74
8451 1 74
8455 1 74
8461 1 74
8505 1 74
8519 1 74
8649 1 74
8673 1 74
8691 1 74
8711 1 74
8743 1 74
8753 1 74
8755 1 74
8759 1 74
8767 1 74
8771 1 74
8773 1 74
8781 1 74
8795 1 74
8799 1 74
8801 1 74
8871 1 74
8977 1 74
8991 1 74
9003 1 74
9005 1 74
9071 1 74
9075 1 74
9077 1 74
9107 1 74
9113 1 74
9139 1 74
9145 1 74
9153 1 74
9159 1 74
9169 1 74
9195 1 74
9217 1 74
9231 1 74
9261 1 74
9343 1 74
9379 1 74
9423 1 74
9427 1 74
9431 1 74
9469 1 74
9471 1 74
9479 1 74
9483 1 74
9489 1 74
9493 1 74
9521 1 74
9589 1 74
9601 1 74
9619 1 74
9651 1 74
9655 1 74
9691 1 74
9701 1 74
9711 1 74
9733 1 74
9741 1 74
9749 1 74
9757 1 74
9773 1 74
9787 1 74
9797 1 74
9819 1 74
9821 1 74
9827 1 74
9837 1 74
9841 1 74
9877 1 74
9921 1 74
9929 1 74
9935 1 74
9941 1 74
10053 1 74
10065 1 74
10083 1 74
10103 1 74
10113 1 74
10137 1 74
10149 1 74
10157 1 74
10167 1 74
10181 1 74
10183 1 74
10207 1 74
10221 1 74
10229 1 74
10251 1 74
10349 1 74
10355 1 74
10393 1 74
10427 1 74
10437 1 74
10469 1 74
10473 1 74
10601 1 74
10607 1 74
10631 1 74
10651 1 74
10667 1 74
10693 1 74
10723 1 74
10729 1 74
10763 1 74
10769 1 74
10773 1 74
10803 1 74
10827 1 74
10845 1 74
10853 1 74
10903 1 74
10915 1 74
11071 1 74
11083 1 74
11091 1 74
11115 1 74
11121 1 74
11141 1 74
11173 1 74
11195 1 74
11287 1 74
11291 1 74
11293 1 74
11315 1 74
11329 1 74
11337 1 74
11375 1 74
11385 1 74
11399 1 74
11413 1 74
11447 1 74
11461 1 74
11465 1 74
11581 1 74
11605 1 74
11619 1 74
11631 1 74
11635 1 74
11643 1 74
11839 1 74
11841 1 74
11897 1 74
11913 1 74
11915 1 74
11933 1 74
11937 1 74
12113 1 74
12167 1 74
12175 1 74
12201 1 74
12225 1 74
12229 1 74
12257 1 74
12307 1 74
12323 1 74
12365 1 74
12371 1 74
12407 1 74
12411 1 74
12417 1 74
12427 1 74
12429 1 74
12461 1 74
12463 1 74
12471 1 74
12473 1 74
12495 1 74
12511 1 74
12537 1 74
12539 1 74
12597 1 74
12603 1 74
12643 1 74
12719 1 74
12721 1 74
12731 1 74
12753 1 74
12765 1 74
12849 1 74
12931 1 74
12935 1 74
13035 1 74
13049 1 74
13113 1 74
13173 1 74
47 1 75
77 1 75
81 1 75
121 1 75
135 1 75
137 1 75
159 1 75
173 1 75
191 1 75
207 1 75
287 1 75
301 1 75
303 1 75
309 1 75
321 1 75
327 1 75
345 1 75
439 1 75
449 1 75
453 1 75
485 1 75
495 1 75
499 1 75
521 1 75
533 1 75
573 1 75
591 1 75
633 1 75
667 1 75
679 1 75
681 1 75
719 1 75
755 1 75
759 1 75
775 1 75
803 1 75
805 1 75
809 1 75
811 1 75
833 1 75
839 1 75
859 1 75
883 1 75
957 1 75
991 1 75
993 1 75
1003 1 75
1025 1 75
1047 1 75
1051 1 75
1063 1 75
1067 1 75
1069 1 75
1075 1 75
1107 1 75
1155 1 75
1187 1 75
1291 1 75
1301 1 75
1309 1 75
1323 1 75
1351 1 75
1367 1 75
1373 1 75
1393 1 75
1401 1 75
1405 1 75
1503 1 75
1615 1 75
1637 1 75
1647 1 75
1653 1 75
1679 1 75
1699 1 75
1709 1 75
1723 1 75
1813 1 75
1831 1 75
1841 1 75
1859 1 75
1881 1 75
1883 1 75
1899 1 75
1915 1 75
1941 1 75
1943 1 75
1967 1 75
1981 1 75
1983 1 75
1991 1 75
2011 1 75
2033 1 75
2051 1 75
2069 1 75
2071 1 75
2129 1 75
2139 1 75
2145 1 75
2151 1 75
2185 1 75
2193 1 75
2199 1 75
2233 1 75
2239 1 75
2277 1 75
2387 1 75
2811 1 75
2815 1 75
2847 1 75
2941 1 75
3013 1 75
3021 1 75
3051 1 75
3097 1 75
3151 1 75
3191 1 75
3297 1 75
3311 1 75
3341 1 75
3655 1 75
3705 1 75
3755 1 75
3763 1 75
3765 1 75
3805 1 75
3941 1 75
3965 1 75
4099 1 75
4133 1 75
4191 1 75
4271 1 75
4323 1 75
4335 1 75
4459 1 75
4467 1 75
4493 1 75
4721 1 75
4811 1 75
4815 1 75
4895 1 75
4941 1 75
4951 1 75
4969 1 75
4977 1 75
5061 1 75
5091 1 75
5105 1 75
5153 1 75
5325 1 75
5389 1 75
5431 1 75
5503 1 75
5519 1 75
5639 1 75
5735 1 75
5799 1 75
6093 1 75
6155 1 75
6159 1 75
6181 1 75
6221 1 75
6245 1 75
6273 1 75
6373 1 75
6393 1 75
6425 1 75
6435 1 75
6509 1 75
6517 1 75
6543 1 75
6549 1 75
6979 1 75
7005 1 75
7019 1 75
7031 1 75
7101 1 75
7189 1 75
7385 1 75
7457 1 75
7507 1 75
7531 1 75
7655 1 75
7789 1 75
7923 1 75
7937 1 75
7963 1 75
7985 1 75
8083 1 75
8179 1 75
8235 1 75
8323 1 75
8329 1 75
8383 1 75
8485 1 75
8497 1 75
8665 1 75
8723 1 75
8733 1 75
8739 1 75
8941 1 75
9037 1 75
9039 1 75
9133 1 75
9241 1 75
9247 1 75
9387 1 75
9395 1 75
9477 1 75
9597 1 75
9599 1 75
9653 1 75
9735 1 75
9739 1 75
9783 1 75
9925 1 75
9949 1 75
10061 1 75
10089 1 75
10163 1 75
10177 1 75
10197 1 75
10215 1 75
10227 1 75
10361 1 75
10367 1 75
10369 1 75
10623 1 75
10677 1 75
10713 1 75
10739 1 75
10791 1 75
10913 1 75
11075 1 75
11191 1 75
11267 1 75
11281 1 75
11323 1 75
11327 1 75
11813 1 75
11827 1 75
11853 1 75
11895 1 75
11901 1 75
11927 1 75
12111 1 75
12119 1 75
12127 1 75
12193 1 75
12199 1 75
12281 1 75
12293 1 75
12355 1 75
12367 1 75
12385 1 75
12421 1 75
12431 1 75
12513 1 75
12529 1 75
12545 1 75
12565 1 75
12649 1 75
12875 1 75
12881 1 75
13025 1 75
13083 1 75
13109 1 75
13177 1 75
13193 1 75
239 1 76
355 1 76
543 1 76
557 1 76
605 1 76
619 1 76
751 1 76
785 1 76
889 1 76
895 1 76
1269 1 76
1303 1 76
1387 1 76
1553 1 76
1719 1 76
1893 1 76
2021 1 76
2061 1 76
2113 1 76
2235 1 76
2261 1 76
2265 1 76
2305 1 76
2379 1 76
2385 1 76
2655 1 76
2795 1 76
2869 1 76
2911 1 76
3199 1 76
3225 1 76
3689 1 76
3777 1 76
4087 1 76
4169 1 76
4229 1 76
4297 1 76
4437 1 76
4567 1 76
4629 1 76
4673 1 76
5161 1 76
5221 1 76
5379 1 76
5417 1 76
5435 1 76
5573 1 76
5635 1 76
5793 1 76
5967 1 76
6069 1 76
6421 1 76
6559 1 76
7091 1 76
7351 1 76
7605 1 76
7839 1 76
7911 1 76
8085 1 76
8121 1 76
8163 1 76
8473 1 76
8493 1 76
8499 1 76
8621 1 76
8783 1 76
8995 1 76
9095 1 76
9099 1 76
9111 1 76
9201 1 76
9593 1 76
9673 1 76
9745 1 76
9747 1 76
9951 1 76
10025 1 76
10069 1 76
10091 1 76
10249 1 76
10433 1 76
10691 1 76
10707 1 76
10721 1 76
10869 1 76
10907 1 76
11269 1 76
11271 1 76
11515 1 76
11609 1 76
11823 1 76
11857 1 76
11975 1 76
12287 1 76
12477 1 76
12587 1 76
12589 1 76
12613 1 76
12751 1 76
13163 1 76
13179 1 76
123 1 77
143 1 77
649 1 77
781 1 77
877 1 77
879 1 77
961 1 77
1147 1 77
1171 1 77
2125 1 77
2141 1 77
2167 1 77
2257 1 77
2267 1 77
2487 1 77
2765 1 77
3317 1 77
3671 1 77
4155 1 77
4261 1 77
4375 1 77
4465 1 77
4473 1 77
5125 1 77
5173 1 77
5535 1 77
5711 1 77
6077 1 77
6493 1 77
6499 1 77
6605 1 77
6673 1 77
6863 1 77
7487 1 77
7509 1 77
7519 1 77
7597 1 77
7803 1 77
7935 1 77
7991 1 77
8087 1 77
8227 1 77
8663 1 77
9603 1 77
9953 1 77
9955 1 77
10153 1 77
10211 1 77
10457 1 77
10637 1 77
10927 1 77
11443 1 77
11615 1 77
11907 1 77
11931 1 77
12361 1 77
12375 1 77
12571 1 77
12909 1 77
73 1 78
125 1 78
155 1 78
165 1 78
187 1 78
213 1 78
253 1 78
347 1 78
443 1 78
471 1 78
577 1 78
609 1 78
683 1 78
753 1 78
829 1 78
913 1 78
951 1 78
1121 1 78
1151 1 78
1241 1 78
1247 1 78
1391 1 78
1407 1 78
1499 1 78
1525 1 78
1579 1 78
1611 1 78
1657 1 78
1715 1 78
1913 1 78
1985 1 78
1997 1 78
2131 1 78
2301 1 78
2309 1 78
2409 1 78
2419 1 78
2513 1 78
2767 1 78
2773 1 78
2859 1 78
2923 1 78
2973 1 78
3059 1 78
3087 1 78
3115 1 78
3547 1 78
3571 1 78
3623 1 78
3627 1 78
3663 1 78
3737 1 78
3743 1 78
4017 1 78
4019 1 78
4095 1 78
4187 1 78
4197 1 78
4333 1 78
4347 1 78
4423 1 78
4527 1 78
4533 1 78
4571 1 78
4651 1 78
4805 1 78
4823 1 78
4853 1 78
4975 1 78
5053 1 78
5101 1 78
5103 1 78
5363 1 78
5387 1 78
5495 1 78
5547 1 78
5611 1 78
5707 1 78
5971 1 78
6005 1 78
6209 1 78
6295 1 78
6389 1 78
6439 1 78
6441 1 78
6689 1 78
6707 1 78
6735 1 78
6741 1 78
7209 1 78
7215 1 78
7229 1 78
7231 1 78
7299 1 78
7353 1 78
7529 1 78
7615 1 78
7649 1 78
8021 1 78
8025 1 78
8027 1 78
8057 1 78
8119 1 78
8137 1 78
8333 1 78
8339 1 78
8579 1 78
8593 1 78
8615 1 78
8953 1 78
8979 1 78
9067 1 78
9149 1 78
9179 1 78
9197 1 78
9441 1 78
9507 1 78
9541 1 78
9755 1 78
10119 1 78
10131 1 78
10205 1 78
10397 1 78
10399 1 78
10465 1 78
10703 1 78
10775 1 78
10911 1 78
11061 1 78
11137 1 78
11401 1 78
11421 1 78
11591 1 78
11935 1 78
11965 1 78
12107 1 78
12183 1 78
12327 1 78
12399 1 78
12415 1 78
12443 1 78
12475 1 78
12501 1 78
12507 1 78
12519 1 78
13023 1 78
13027 1 78
13075 1 78
13135 1 78
13137 1 78
13181 1 78
49 1 79
101 1 79
107 1 79
145 1 79
175 1 79
183 1 79
185 1 79
195 1 79
197 1 79
215 1 79
237 1 79
263 1 79
441 1 79
467 1 79
561 1 79
571 1 79
579 1 79
581 1 79
583 1 79
629 1 79
637 1 79
665 1 79
699 1 79
757 1 79
783 1 79
787 1 79
863 1 79
881 1 79
909 1 79
937 1 79
967 1 79
983 1 79
987 1 79
1001 1 79
1011 1 79
1017 1 79
1029 1 79
1049 1 79
1143 1 79
1157 1 79
1161 1 79
1183 1 79
1259 1 79
1261 1 79
1265 1 79
1267 1 79
1335 1 79
1389 1 79
1409 1 79
1433 1 79
1457 1 79
1485 1 79
1505 1 79
1509 1 79
1561 1 79
1575 1 79
1595 1 79
1629 1 79
1665 1 79
1685 1 79
1693 1 79
1725 1 79
1871 1 79
1951 1 79
1995 1 79
2027 1 79
2031 1 79
2059 1 79
2065 1 79
2077 1 79
2083 1 79
2095 1 79
2123 1 79
2153 1 79
2211 1 79
2303 1 79
2313 1 79
2349 1 79
2355 1 79
2373 1 79
2401 1 79
2411 1 79
2453 1 79
2463 1 79
2473 1 79
2497 1 79
2701 1 79
2761 1 79
2813 1 79
2825 1 79
2827 1 79
2831 1 79
2861 1 79
2925 1 79
2959 1 79
2961 1 79
3019 1 79
3037 1 79
3065 1 79
3109 1 79
3111 1 79
3121 1 79
3133 1 79
3149 1 79
3165 1 79
3183 1 79
3245 1 79
3261 1 79
3281 1 79
3553 1 79
3573 1 79
3585 1 79
3595 1 79
3619 1 79
3635 1 79
3637 1 79
3641 1 79
3677 1 79
3691 1 79
3697 1 79
3711 1 79
3729 1 79
3909 1 79
3919 1 79
3921 1 79
3983 1 79
4003 1 79
4007 1 79
4079 1 79
4091 1 79
4101 1 79
4127 1 79
4153 1 79
4163 1 79
4181 1 79
4219 1 79
4225 1 79
4231 1 79
4265 1 79
4281 1 79
4283 1 79
4291 1 79
4337 1 79
4367 1 79
4485 1 79
4519 1 79
4531 1 79
4559 1 79
4561 1 79
4637 1 79
4641 1 79
4649 1 79
4653 1 79
4663 1 79
4669 1 79
4693 1 79
4703 1 79
4707 1 79
4713 1 79
4769 1 79
4787 1 79
4795 1 79
4835 1 79
4845 1 79
4863 1 79
4935 1 79
4945 1 79
4973 1 79
4995 1 79
4997 1 79
4999 1 79
5003 1 79
5027 1 79
5031 1 79
5037 1 79
5041 1 79
5045 1 79
5059 1 79
5069 1 79
5075 1 79
5097 1 79
5145 1 79
5147 1 79
5157 1 79
5163 1 79
5201 1 79
5233 1 79
5295 1 79
5313 1 79
5331 1 79
5337 1 79
5357 1 79
5367 1 79
5405 1 79
5409 1 79
5437 1 79
5483 1 79
5539 1 79
5595 1 79
5599 1 79
5601 1 79
5603 1 79
5625 1 79
5645 1 79
5715 1 79
5725 1 79
5727 1 79
5757 1 79
5759 1 79
5771 1 79
5777 1 79
5779 1 79
5965 1 79
6009 1 79
6065 1 79
6085 1 79
6105 1 79
6113 1 79
6119 1 79
6127 1 79
6137 1 79
6165 1 79
6167 1 79
6179 1 79
6233 1 79
6249 1 79
6251 1 79
6255 1 79
6257 1 79
6263 1 79
6313 1 79
6315 1 79
6331 1 79
6345 1 79
6351 1 79
6353 1 79
6369 1 79
6397 1 79
6405 1 79
6419 1 79
6519 1 79
6555 1 79
6591 1 79
6621 1 79
6623 1 79
6625 1 79
6679 1 79
6685 1 79
6699 1 79
6717 1 79
6781 1 79
6785 1 79
6787 1 79
6793 1 79
6905 1 79
6909 1 79
6983 1 79
6989 1 79
7007 1 79
7009 1 79
7049 1 79
7059 1 79
7063 1 79
7113 1 79
7175 1 79
7205 1 79
7207 1 79
7255 1 79
7277 1 79
7301 1 79
7303 1 79
7357 1 79
7363 1 79
7403 1 79
7409 1 79
7427 1 79
7437 1 79
7449 1 79
7461 1 79
7483 1 79
7521 1 79
7541 1 79
7569 1 79
7629 1 79
7703 1 79
7721 1 79
7723 1 79
7745 1 79
7925 1 79
7929 1 79
7943 1 79
7945 1 79
7977 1 79
8037 1 79
8041 1 79
8101 1 79
8107 1 79
8125 1 79
8157 1 79
8215 1 79
8229 1 79
8345 1 79
8351 1 79
8375 1 79
8449 1 79
8465 1 79
8475 1 79
8543 1 79
8549 1 79
8555 1 79
8571 1 79
8599 1 79
8619 1 79
8679 1 79
8705 1 79
8721 1 79
8737 1 79
8741 1 79
8763 1 79
8785 1 79
8787 1 79
9015 1 79
9029 1 79
9041 1 79
9043 1 79
9053 1 79
9093 1 79
9115 1 79
9119 1 79
9121 1 79
9141 1 79
9163 1 79
9165 1 79
9173 1 79
9177 1 79
9193 1 79
9211 1 79
9223 1 79
9225 1 79
9255 1 79
9259 1 79
9347 1 79
9401 1 79
9409 1 79
9417 1 79
9421 1 79
9439 1 79
9453 1 79
9455 1 79
9467 1 79
9473 1 79
9481 1 79
9523 1 79
9547 1 79
9581 1 79
9607 1 79
9611 1 79
9617 1 79
9633 1 79
9639 1 79
9641 1 79
9685 1 79
9697 1 79
9723 1 79
9729 1 79
9759 1 79
9777 1 79
9823 1 79
9847 1 79
9859 1 79
9863 1 79
9907 1 79
9911 1 79
10099 1 79
10125 1 79
10141 1 79
10165 1 79
10191 1 79
10193 1 79
10233 1 79
10245 1 79
10375 1 79
10383 1 79
10389 1 79
10391 1 79
10407 1 79
10423 1 79
10431 1 79
10443 1 79
10455 1 79
10471 1 79
10483 1 79
10599 1 79
10611 1 79
10627 1 79
10635 1 79
10639 1 79
10659 1 79
10683 1 79
10685 1 79
10705 1 79
10715 1 79
10719 1 79
10725 1 79
10727 1 79
10767 1 79
10787 1 79
10817 1 79
10833 1 79
10851 1 79
10893 1 79
10895 1 79
11069 1 79
11085 1 79
11127 1 79
11135 1 79
11277 1 79
11285 1 79
11297 1 79
11299 1 79
11331 1 79
11343 1 79
11377 1 79
11381 1 79
11513 1 79
11517 1 79
11589 1 79
11597 1 79
11613 1 79
11629 1 79
11663 1 79
11833 1 79
11855 1 79
11885 1 79
11919 1 79
11925 1 79
11947 1 79
11969 1 79
12043 1 79
12105 1 79
12137 1 79
12141 1 79
12203 1 79
12219 1 79
12223 1 79
12275 1 79
12295 1 79
12315 1 79
12405 1 79
12409 1 79
12433 1 79
12491 1 79
12523 1 79
12531 1 79
12547 1 79
12653 1 79
12657 1 79
12717 1 79
12779 1 79
12785 1 79
12789 1 79
12829 1 79
12861 1 79
12919 1 79
12945 1 79
12953 1 79
12967 1 79
12981 1 79
12997 1 79
13033 1 79
13041 1 79
13045 1 79
13051 1 79
13053 1 79
13077 1 79
13183 1 79
13185 1 79
13187 1 79
