reading done
729 107
Number of samples: 50
weight 3 2916 1458.0 0.0 208.28581428571428 0.0001 2082858.0
2082858.0
Average 0.0
weight 3 2916 1458.0 164.1 184.84295714285716 54.7001 3.0
3.0
Average 164.1
3.0
running_prior_SNP_LDA 1 0.01
7
running
[    1     0     3 48877     3 44709     0 58537     2     4     1     4
 34354     1   655     0 57713     2     2 34002     0     4     2 11261
 63537     5     2 18487     2 56622     1 36984     0     6     0 10063
     0     4     3 60369     1 23490     4 38838     7     0     1 54400
     2     8 57691     3     1     0 36155     3     0 31257     3     9
 63067     0     3     0 55454     2     1     2 38909     2     3     4
     0 30505 63361     0     2     3 19663     0 62444     2     3 10811
     0     1     1 47465 45710     1     5     3     0     1     0 60178
     3 32931 63148     0     2     0     0 29947     1 52313     6     2
     4 40545     0     0     0     2     1     1 42500     1 51115     1
     3 60244  9277     0     1 24702 54902     1     5     0     2 33175
  3750 55004     2     6     0     5     0 38758 61010     0   437     4
     0     1 30607     0     0 41714     2     0 51677     0     1     1
     2 10781 60554     0 22417 59700     0     0     0     0  8767 23842
     3     0     1     0 36794 56836     0     6     0 60447     0     0
  3814 27536     1     1 49160     1     1 43630     0 55289     1     2
 37396     0     0     4     3 50152     0     1     1     1 43299     7
     1 59305     1     1 24248  8939 58215     3     0     1  3970 30511
     0     4     6     1     1 64362     1 28454 93663     1     2     1
     1     0     4 92985     0     1     3     1     0     1 93668     1
     0     1     0     0     0 92261     0     0     0     0     0     3
     0 94286     3     2     1     1     2     1 94630     0     0     0
     1     0     1 94579     0     1     3     5     3     4 94205     3
     0     0     1     0     0     1 92804     2     0     0     0     0
     0 93074     1     2     0     0     1     0 92580     3     1     0
     0     1     0     2 92521     0     1     0     0     2     0 93069
     0     1     3     2     2     2 94121     0     0     2     0     0
     1 93766     3     0     0     0     0     0     1 93077     5     1
     4     3     0     0 93535     0     0     1     0     2     1 93133
     1     1]
43.97959327697754
