759 12 0 1 2 3 4 5 6 7 8 9 10 11
851 12 0 1 2 3 4 5 6 7 8 9 10 11
2331 12 0 1 2 3 4 5 6 7 8 9 10 11
2353 12 0 1 2 3 4 5 6 7 8 9 10 11
123516 12 0 1 2 3 4 5 6 7 8 9 10 11
2729 12 0 1 2 3 4 5 6 7 8 9 10 11
3835 12 0 1 2 3 4 5 6 7 8 9 10 11
4735 12 0 1 2 3 4 5 6 7 8 9 10 11
5433 12 0 1 2 3 4 5 6 7 8 9 10 11
5645 12 0 1 2 3 4 5 6 7 8 9 10 11
5719 12 0 1 2 3 4 5 6 7 8 9 10 11
6075 12 0 1 2 3 4 5 6 7 8 9 10 11
6109 12 0 1 2 3 4 5 6 7 8 9 10 11
6299 12 0 1 2 3 4 5 6 7 8 9 10 11
124428 12 0 1 2 3 4 5 6 7 8 9 10 11
8803 12 0 1 2 3 4 5 6 7 8 9 10 11
10177 12 0 1 2 3 4 5 6 7 8 9 10 11
10537 12 0 1 2 3 4 5 6 7 8 9 10 11
10899 12 0 1 2 3 4 5 6 7 8 9 10 11
11609 12 0 1 2 3 4 5 6 7 8 9 10 11
11727 12 0 1 2 3 4 5 6 7 8 9 10 11
12373 12 0 1 2 3 4 5 6 7 8 9 10 11
12779 12 0 1 2 3 4 5 6 7 8 9 10 11
125202 12 0 1 2 3 4 5 6 7 8 9 10 11
13633 12 0 1 2 3 4 5 6 7 8 9 10 11
125373 12 0 1 2 3 4 5 6 7 8 9 10 11
16037 12 0 1 2 3 4 5 6 7 8 9 10 11
16183 12 0 1 2 3 4 5 6 7 8 9 10 11
16293 12 0 1 2 3 4 5 6 7 8 9 10 11
16687 12 0 1 2 3 4 5 6 7 8 9 10 11
17105 12 0 1 2 3 4 5 6 7 8 9 10 11
125943 12 0 1 2 3 4 5 6 7 8 9 10 11
18115 12 0 1 2 3 4 5 6 7 8 9 10 11
18187 12 0 1 2 3 4 5 6 7 8 9 10 11
18677 12 0 1 2 3 4 5 6 7 8 9 10 11
126117 12 0 1 2 3 4 5 6 7 8 9 10 11
19269 12 0 1 2 3 4 5 6 7 8 9 10 11
19511 12 0 1 2 3 4 5 6 7 8 9 10 11
20669 12 0 1 2 3 4 5 6 7 8 9 10 11
20755 12 0 1 2 3 4 5 6 7 8 9 10 11
20863 12 0 1 2 3 4 5 6 7 8 9 10 11
20957 12 0 1 2 3 4 5 6 7 8 9 10 11
21381 12 0 1 2 3 4 5 6 7 8 9 10 11
22405 12 0 1 2 3 4 5 6 7 8 9 10 11
22681 12 0 1 2 3 4 5 6 7 8 9 10 11
22709 12 0 1 2 3 4 5 6 7 8 9 10 11
22735 12 0 1 2 3 4 5 6 7 8 9 10 11
22891 12 0 1 2 3 4 5 6 7 8 9 10 11
23539 12 0 1 2 3 4 5 6 7 8 9 10 11
23963 12 0 1 2 3 4 5 6 7 8 9 10 11
27699 12 0 1 2 3 4 5 6 7 8 9 10 11
27957 12 0 1 2 3 4 5 6 7 8 9 10 11
28201 12 0 1 2 3 4 5 6 7 8 9 10 11
28313 12 0 1 2 3 4 5 6 7 8 9 10 11
28817 12 0 1 2 3 4 5 6 7 8 9 10 11
29369 12 0 1 2 3 4 5 6 7 8 9 10 11
29677 12 0 1 2 3 4 5 6 7 8 9 10 11
30007 12 0 1 2 3 4 5 6 7 8 9 10 11
30157 12 0 1 2 3 4 5 6 7 8 9 10 11
30241 12 0 1 2 3 4 5 6 7 8 9 10 11
31099 12 0 1 2 3 4 5 6 7 8 9 10 11
31179 12 0 1 2 3 4 5 6 7 8 9 10 11
32267 12 0 1 2 3 4 5 6 7 8 9 10 11
32561 12 0 1 2 3 4 5 6 7 8 9 10 11
32945 12 0 1 2 3 4 5 6 7 8 9 10 11
34993 12 0 1 2 3 4 5 6 7 8 9 10 11
35167 12 0 1 2 3 4 5 6 7 8 9 10 11
35171 12 0 1 2 3 4 5 6 7 8 9 10 11
36613 12 0 1 2 3 4 5 6 7 8 9 10 11
36887 12 0 1 2 3 4 5 6 7 8 9 10 11
36985 12 0 1 2 3 4 5 6 7 8 9 10 11
36989 12 0 1 2 3 4 5 6 7 8 9 10 11
37257 12 0 1 2 3 4 5 6 7 8 9 10 11
37307 12 0 1 2 3 4 5 6 7 8 9 10 11
37467 12 0 1 2 3 4 5 6 7 8 9 10 11
38051 12 0 1 2 3 4 5 6 7 8 9 10 11
38069 12 0 1 2 3 4 5 6 7 8 9 10 11
40361 12 0 1 2 3 4 5 6 7 8 9 10 11
40903 12 0 1 2 3 4 5 6 7 8 9 10 11
42195 12 0 1 2 3 4 5 6 7 8 9 10 11
129906 12 0 1 2 3 4 5 6 7 8 9 10 11
42637 12 0 1 2 3 4 5 6 7 8 9 10 11
43089 12 0 1 2 3 4 5 6 7 8 9 10 11
44107 12 0 1 2 3 4 5 6 7 8 9 10 11
44803 12 0 1 2 3 4 5 6 7 8 9 10 11
46159 12 0 1 2 3 4 5 6 7 8 9 10 11
46371 12 0 1 2 3 4 5 6 7 8 9 10 11
46485 12 0 1 2 3 4 5 6 7 8 9 10 11
49039 12 0 1 2 3 4 5 6 7 8 9 10 11
49763 12 0 1 2 3 4 5 6 7 8 9 10 11
49821 12 0 1 2 3 4 5 6 7 8 9 10 11
49919 12 0 1 2 3 4 5 6 7 8 9 10 11
131184 12 0 1 2 3 4 5 6 7 8 9 10 11
131223 12 0 1 2 3 4 5 6 7 8 9 10 11
50325 12 0 1 2 3 4 5 6 7 8 9 10 11
50603 12 0 1 2 3 4 5 6 7 8 9 10 11
50729 12 0 1 2 3 4 5 6 7 8 9 10 11
51189 12 0 1 2 3 4 5 6 7 8 9 10 11
51241 12 0 1 2 3 4 5 6 7 8 9 10 11
51747 12 0 1 2 3 4 5 6 7 8 9 10 11
51897 12 0 1 2 3 4 5 6 7 8 9 10 11
52237 12 0 1 2 3 4 5 6 7 8 9 10 11
52595 12 0 1 2 3 4 5 6 7 8 9 10 11
52999 12 0 1 2 3 4 5 6 7 8 9 10 11
53621 12 0 1 2 3 4 5 6 7 8 9 10 11
53625 12 0 1 2 3 4 5 6 7 8 9 10 11
56101 12 0 1 2 3 4 5 6 7 8 9 10 11
56315 12 0 1 2 3 4 5 6 7 8 9 10 11
57087 12 0 1 2 3 4 5 6 7 8 9 10 11
57141 12 0 1 2 3 4 5 6 7 8 9 10 11
57227 12 0 1 2 3 4 5 6 7 8 9 10 11
57245 12 0 1 2 3 4 5 6 7 8 9 10 11
58471 12 0 1 2 3 4 5 6 7 8 9 10 11
132726 12 0 1 2 3 4 5 6 7 8 9 10 11
61551 12 0 1 2 3 4 5 6 7 8 9 10 11
61823 12 0 1 2 3 4 5 6 7 8 9 10 11
64533 12 0 1 2 3 4 5 6 7 8 9 10 11
65771 12 0 1 2 3 4 5 6 7 8 9 10 11
66909 12 0 1 2 3 4 5 6 7 8 9 10 11
134118 12 0 1 2 3 4 5 6 7 8 9 10 11
67877 12 0 1 2 3 4 5 6 7 8 9 10 11
69037 12 0 1 2 3 4 5 6 7 8 9 10 11
69087 12 0 1 2 3 4 5 6 7 8 9 10 11
69127 12 0 1 2 3 4 5 6 7 8 9 10 11
70113 12 0 1 2 3 4 5 6 7 8 9 10 11
70247 12 0 1 2 3 4 5 6 7 8 9 10 11
70749 12 0 1 2 3 4 5 6 7 8 9 10 11
71005 12 0 1 2 3 4 5 6 7 8 9 10 11
71697 12 0 1 2 3 4 5 6 7 8 9 10 11
72143 12 0 1 2 3 4 5 6 7 8 9 10 11
72239 12 0 1 2 3 4 5 6 7 8 9 10 11
72281 12 0 1 2 3 4 5 6 7 8 9 10 11
72789 12 0 1 2 3 4 5 6 7 8 9 10 11
73107 12 0 1 2 3 4 5 6 7 8 9 10 11
73405 12 0 1 2 3 4 5 6 7 8 9 10 11
74459 12 0 1 2 3 4 5 6 7 8 9 10 11
74609 12 0 1 2 3 4 5 6 7 8 9 10 11
74849 12 0 1 2 3 4 5 6 7 8 9 10 11
75491 12 0 1 2 3 4 5 6 7 8 9 10 11
75825 12 0 1 2 3 4 5 6 7 8 9 10 11
76461 12 0 1 2 3 4 5 6 7 8 9 10 11
76677 12 0 1 2 3 4 5 6 7 8 9 10 11
135996 12 0 1 2 3 4 5 6 7 8 9 10 11
76905 12 0 1 2 3 4 5 6 7 8 9 10 11
77013 12 0 1 2 3 4 5 6 7 8 9 10 11
77955 12 0 1 2 3 4 5 6 7 8 9 10 11
78335 12 0 1 2 3 4 5 6 7 8 9 10 11
78505 12 0 1 2 3 4 5 6 7 8 9 10 11
78599 12 0 1 2 3 4 5 6 7 8 9 10 11
80833 12 0 1 2 3 4 5 6 7 8 9 10 11
136806 12 0 1 2 3 4 5 6 7 8 9 10 11
81323 12 0 1 2 3 4 5 6 7 8 9 10 11
81485 12 0 1 2 3 4 5 6 7 8 9 10 11
81657 12 0 1 2 3 4 5 6 7 8 9 10 11
83627 12 0 1 2 3 4 5 6 7 8 9 10 11
83641 12 0 1 2 3 4 5 6 7 8 9 10 11
85773 12 0 1 2 3 4 5 6 7 8 9 10 11
138342 12 0 1 2 3 4 5 6 7 8 9 10 11
88397 12 0 1 2 3 4 5 6 7 8 9 10 11
88685 12 0 1 2 3 4 5 6 7 8 9 10 11
88739 12 0 1 2 3 4 5 6 7 8 9 10 11
88963 12 0 1 2 3 4 5 6 7 8 9 10 11
89055 12 0 1 2 3 4 5 6 7 8 9 10 11
89723 12 0 1 2 3 4 5 6 7 8 9 10 11
138762 12 0 1 2 3 4 5 6 7 8 9 10 11
90025 12 0 1 2 3 4 5 6 7 8 9 10 11
90193 12 0 1 2 3 4 5 6 7 8 9 10 11
90675 12 0 1 2 3 4 5 6 7 8 9 10 11
91199 12 0 1 2 3 4 5 6 7 8 9 10 11
91353 12 0 1 2 3 4 5 6 7 8 9 10 11
91753 12 0 1 2 3 4 5 6 7 8 9 10 11
91967 12 0 1 2 3 4 5 6 7 8 9 10 11
92589 12 0 1 2 3 4 5 6 7 8 9 10 11
92629 12 0 1 2 3 4 5 6 7 8 9 10 11
139599 12 0 1 2 3 4 5 6 7 8 9 10 11
94415 12 0 1 2 3 4 5 6 7 8 9 10 11
94681 12 0 1 2 3 4 5 6 7 8 9 10 11
95177 12 0 1 2 3 4 5 6 7 8 9 10 11
95383 12 0 1 2 3 4 5 6 7 8 9 10 11
95589 12 0 1 2 3 4 5 6 7 8 9 10 11
95803 12 0 1 2 3 4 5 6 7 8 9 10 11
139905 12 0 1 2 3 4 5 6 7 8 9 10 11
97193 12 0 1 2 3 4 5 6 7 8 9 10 11
97723 12 0 1 2 3 4 5 6 7 8 9 10 11
97865 12 0 1 2 3 4 5 6 7 8 9 10 11
99479 12 0 1 2 3 4 5 6 7 8 9 10 11
100401 12 0 1 2 3 4 5 6 7 8 9 10 11
101393 12 0 1 2 3 4 5 6 7 8 9 10 11
141207 12 0 1 2 3 4 5 6 7 8 9 10 11
102043 12 0 1 2 3 4 5 6 7 8 9 10 11
141381 12 0 1 2 3 4 5 6 7 8 9 10 11
104201 12 0 1 2 3 4 5 6 7 8 9 10 11
104325 12 0 1 2 3 4 5 6 7 8 9 10 11
104795 12 0 1 2 3 4 5 6 7 8 9 10 11
106727 12 0 1 2 3 4 5 6 7 8 9 10 11
107041 12 0 1 2 3 4 5 6 7 8 9 10 11
108929 12 0 1 2 3 4 5 6 7 8 9 10 11
109933 12 0 1 2 3 4 5 6 7 8 9 10 11
110131 12 0 1 2 3 4 5 6 7 8 9 10 11
110447 12 0 1 2 3 4 5 6 7 8 9 10 11
143121 12 0 1 2 3 4 5 6 7 8 9 10 11
111075 12 0 1 2 3 4 5 6 7 8 9 10 11
111831 12 0 1 2 3 4 5 6 7 8 9 10 11
111999 12 0 1 2 3 4 5 6 7 8 9 10 11
112127 12 0 1 2 3 4 5 6 7 8 9 10 11
112161 12 0 1 2 3 4 5 6 7 8 9 10 11
112185 12 0 1 2 3 4 5 6 7 8 9 10 11
112415 12 0 1 2 3 4 5 6 7 8 9 10 11
112663 12 0 1 2 3 4 5 6 7 8 9 10 11
112849 12 0 1 2 3 4 5 6 7 8 9 10 11
113101 12 0 1 2 3 4 5 6 7 8 9 10 11
143826 12 0 1 2 3 4 5 6 7 8 9 10 11
113809 12 0 1 2 3 4 5 6 7 8 9 10 11
114011 12 0 1 2 3 4 5 6 7 8 9 10 11
114955 12 0 1 2 3 4 5 6 7 8 9 10 11
116031 12 0 1 2 3 4 5 6 7 8 9 10 11
116155 12 0 1 2 3 4 5 6 7 8 9 10 11
144798 12 0 1 2 3 4 5 6 7 8 9 10 11
117027 12 0 1 2 3 4 5 6 7 8 9 10 11
117879 12 0 1 2 3 4 5 6 7 8 9 10 11
118005 12 0 1 2 3 4 5 6 7 8 9 10 11
118169 12 0 1 2 3 4 5 6 7 8 9 10 11
119103 12 0 1 2 3 4 5 6 7 8 9 10 11
119655 12 0 1 2 3 4 5 6 7 8 9 10 11
119667 12 0 1 2 3 4 5 6 7 8 9 10 11
121547 12 0 1 2 3 4 5 6 7 8 9 10 11
121705 12 0 1 2 3 4 5 6 7 8 9 10 11
122415 12 0 1 2 3 4 5 6 7 8 9 10 11
4791 8 1 2 3 4 5 6 7 8
9029 8 1 2 3 4 5 6 7 8
12819 8 1 2 3 4 5 6 7 8
20139 8 1 2 3 4 5 6 7 8
126465 8 1 2 3 4 5 6 7 8
41717 8 1 2 3 4 5 6 7 8
49483 8 1 2 3 4 5 6 7 8
50061 8 1 2 3 4 5 6 7 8
57913 8 1 2 3 4 5 6 7 8
111381 8 1 2 3 4 5 6 7 8
117167 8 1 2 3 4 5 6 7 8
120183 8 1 2 3 4 5 6 7 8
121797 8 1 2 3 4 5 6 7 8
1991 2 2 3
6705 2 2 3
9959 2 2 3
14309 2 2 3
15439 2 2 3
20013 2 2 3
127512 2 2 3
127725 2 2 3
37537 2 2 3
37903 2 2 3
75247 2 2 3
81017 2 2 3
137553 2 2 3
89497 2 2 3
92691 2 2 3
141099 2 2 3
102033 2 2 3
141651 2 2 3
114403 2 2 3
115519 2 2 3
118149 2 2 3
123117 1 3
13965 1 3
14547 1 3
18395 1 3
20633 1 3
20929 1 3
23571 1 3
27545 1 3
30005 1 3
32201 1 3
36889 1 3
40459 1 3
43609 1 3
44957 1 3
51503 1 3
53673 1 3
64867 1 3
65009 1 3
67627 1 3
67851 1 3
69521 1 3
70585 1 3
74857 1 3
75609 1 3
80297 1 3
81673 1 3
84251 1 3
138672 1 3
89663 1 3
93271 1 3
94943 1 3
99833 1 3
140808 1 3
103581 1 3
237 1 4
1999 1 4
6941 1 4
10941 1 4
11231 1 4
125400 1 4
14751 1 4
16123 1 4
16311 1 4
16367 1 4
16413 1 4
18727 1 4
19483 1 4
20355 1 4
22329 1 4
34239 1 4
34777 1 4
37459 1 4
40257 1 4
42449 1 4
42865 1 4
131130 1 4
50711 1 4
51715 1 4
131694 1 4
53301 1 4
55711 1 4
56087 1 4
56573 1 4
56753 1 4
57615 1 4
58251 1 4
132555 1 4
58727 1 4
61579 1 4
67407 1 4
70533 1 4
71679 1 4
73401 1 4
76185 1 4
135885 1 4
76819 1 4
78469 1 4
80813 1 4
81981 1 4
137382 1 4
83721 1 4
84073 1 4
84489 1 4
85749 1 4
94175 1 4
140181 1 4
97767 1 4
97775 1 4
140244 1 4
99351 1 4
101751 1 4
105825 1 4
107433 1 4
108501 1 4
110199 1 4
111201 1 4
113507 1 4
144015 1 4
114359 1 4
117715 1 4
145041 1 4
145851 1 4
543 4 5 6 7 8
7505 4 5 6 7 8
8999 4 5 6 7 8
9211 4 5 6 7 8
10079 4 5 6 7 8
14689 4 5 6 7 8
16621 4 5 6 7 8
21771 4 5 6 7 8
23195 4 5 6 7 8
23621 4 5 6 7 8
127041 4 5 6 7 8
30719 4 5 6 7 8
32263 4 5 6 7 8
34549 4 5 6 7 8
39827 4 5 6 7 8
45821 4 5 6 7 8
53305 4 5 6 7 8
72443 4 5 6 7 8
72463 4 5 6 7 8
75507 4 5 6 7 8
136749 4 5 6 7 8
87475 4 5 6 7 8
90183 4 5 6 7 8
138849 4 5 6 7 8
140274 4 5 6 7 8
101689 4 5 6 7 8
141420 4 5 6 7 8
104223 4 5 6 7 8
107273 4 5 6 7 8
112431 4 5 6 7 8
143724 4 5 6 7 8
967 1 6
3421 1 6
3641 1 6
9681 1 6
9727 1 6
12291 1 6
12939 1 6
13755 1 6
14157 1 6
125319 1 6
15463 1 6
146623 1 6
21081 1 6
27417 1 6
128160 1 6
33339 1 6
36357 1 6
128979 1 6
36857 1 6
37031 1 6
39713 1 6
40167 1 6
49479 1 6
53763 1 6
56807 1 6
132396 1 6
61495 1 6
62339 1 6
133380 1 6
64903 1 6
65659 1 6
66865 1 6
75615 1 6
77925 1 6
80621 1 6
84799 1 6
88349 1 6
88535 1 6
96149 1 6
140196 1 6
97717 1 6
98193 1 6
106343 1 6
142512 1 6
119781 1 6
122863 1 6
343 1 7
809 1 7
1699 1 7
3935 1 7
6211 1 7
6589 1 7
146443 1 7
9171 1 7
10727 1 7
11673 1 7
13281 1 7
14325 1 7
14415 1 7
15461 1 7
125964 1 7
19191 1 7
19643 1 7
19911 1 7
20337 1 7
20397 1 7
20497 1 7
20857 1 7
21321 1 7
27877 1 7
29419 1 7
30445 1 7
33191 1 7
34415 1 7
39277 1 7
39627 1 7
40263 1 7
40839 1 7
42113 1 7
43437 1 7
43649 1 7
43695 1 7
45373 1 7
46649 1 7
51151 1 7
51645 1 7
56045 1 7
57183 1 7
62757 1 7
66789 1 7
66797 1 7
134241 1 7
70297 1 7
76007 1 7
76189 1 7
76859 1 7
80587 1 7
81065 1 7
89485 1 7
91153 1 7
92181 1 7
97269 1 7
101315 1 7
101507 1 7
101621 1 7
101789 1 7
103629 1 7
104185 1 7
106943 1 7
107403 1 7
108417 1 7
108883 1 7
148567 1 7
110699 1 7
112381 1 7
113213 1 7
148723 1 7
113799 1 7
119189 1 7
4653 1 8
7467 1 8
8597 1 8
9235 1 8
15917 1 8
18373 1 8
127842 1 8
30769 1 8
32415 1 8
39883 1 8
40279 1 8
46855 1 8
49183 1 8
53515 1 8
55965 1 8
63381 1 8
64925 1 8
66203 1 8
73767 1 8
92857 1 8
397 1 9
1613 1 9
9657 1 9
12993 1 9
14647 1 9
18479 1 9
18507 1 9
18633 1 9
23285 1 9
27473 1 9
29317 1 9
29837 1 9
128796 1 9
36797 1 9
39253 1 9
42583 1 9
44363 1 9
53199 1 9
55811 1 9
57991 1 9
61229 1 9
62723 1 9
62827 1 9
64791 1 9
68605 1 9
75097 1 9
76477 1 9
136671 1 9
81067 1 9
91507 1 9
93141 1 9
94245 1 9
94275 1 9
97343 1 9
140508 1 9
101271 1 9
142824 1 9
110625 1 9
111239 1 9
113831 1 9
116133 1 9
117819 1 9
123153 2 10 11
1157 2 10 11
2861 2 10 11
5891 2 10 11
7851 2 10 11
14195 2 10 11
14373 2 10 11
15697 2 10 11
15991 2 10 11
23999 2 10 11
24483 2 10 11
26697 2 10 11
28139 2 10 11
28403 2 10 11
29377 2 10 11
32353 2 10 11
32775 2 10 11
129033 2 10 11
44389 2 10 11
131016 2 10 11
131802 2 10 11
56393 2 10 11
57873 2 10 11
58121 2 10 11
62931 2 10 11
133719 2 10 11
65071 2 10 11
65935 2 10 11
134259 2 10 11
76775 2 10 11
83793 2 10 11
84155 2 10 11
84761 2 10 11
84819 2 10 11
84951 2 10 11
88609 2 10 11
94841 2 10 11
95733 2 10 11
97587 2 10 11
97817 2 10 11
141183 2 10 11
102239 2 10 11
104241 2 10 11
105957 2 10 11
113009 2 10 11
114365 2 10 11
115945 2 10 11
117131 2 10 11
119585 2 10 11
119765 2 10 11
2731 1 11
5015 1 11
7153 1 11
15401 1 11
16445 1 11
19281 1 11
20593 1 11
20751 1 11
21125 1 11
24115 1 11
33199 1 11
130152 1 11
44741 1 11
130452 1 11
51143 1 11
56155 1 11
60373 1 11
70275 1 11
71107 1 11
74671 1 11
85715 1 11
88121 1 11
139155 1 11
96973 1 11
141705 1 11
110085 1 11
114373 1 11
116023 1 11
118991 1 11
1333 6 12 13 14 15 16 17
1525 6 12 13 14 15 16 17
3361 6 12 13 14 15 16 17
5739 6 12 13 14 15 16 17
9095 6 12 13 14 15 16 17
10751 6 12 13 14 15 16 17
14239 6 12 13 14 15 16 17
14711 6 12 13 14 15 16 17
18191 6 12 13 14 15 16 17
18229 6 12 13 14 15 16 17
18801 6 12 13 14 15 16 17
20211 6 12 13 14 15 16 17
22427 6 12 13 14 15 16 17
27151 6 12 13 14 15 16 17
31479 6 12 13 14 15 16 17
32613 6 12 13 14 15 16 17
35095 6 12 13 14 15 16 17
42529 6 12 13 14 15 16 17
43799 6 12 13 14 15 16 17
43937 6 12 13 14 15 16 17
44427 6 12 13 14 15 16 17
49951 6 12 13 14 15 16 17
50777 6 12 13 14 15 16 17
53689 6 12 13 14 15 16 17
56891 6 12 13 14 15 16 17
59891 6 12 13 14 15 16 17
63195 6 12 13 14 15 16 17
65253 6 12 13 14 15 16 17
67397 6 12 13 14 15 16 17
70367 6 12 13 14 15 16 17
70923 6 12 13 14 15 16 17
135648 6 12 13 14 15 16 17
79137 6 12 13 14 15 16 17
81637 6 12 13 14 15 16 17
84057 6 12 13 14 15 16 17
84471 6 12 13 14 15 16 17
92125 6 12 13 14 15 16 17
100391 6 12 13 14 15 16 17
104357 6 12 13 14 15 16 17
148423 6 12 13 14 15 16 17
104415 6 12 13 14 15 16 17
106081 6 12 13 14 15 16 17
110023 6 12 13 14 15 16 17
110275 6 12 13 14 15 16 17
111093 6 12 13 14 15 16 17
114533 6 12 13 14 15 16 17
115097 6 12 13 14 15 16 17
116453 6 12 13 14 15 16 17
116731 6 12 13 14 15 16 17
117321 6 12 13 14 15 16 17
117785 6 12 13 14 15 16 17
118019 6 12 13 14 15 16 17
119859 6 12 13 14 15 16 17
1161 1 13
4801 1 13
6421 1 13
7105 1 13
7333 1 13
7637 1 13
9585 1 13
9835 1 13
10135 1 13
10557 1 13
12657 1 13
14479 1 13
14903 1 13
125490 1 13
16459 1 13
18489 1 13
18671 1 13
19115 1 13
20263 1 13
126339 1 13
21141 1 13
21339 1 13
126720 1 13
22665 1 13
24233 1 13
25751 1 13
26501 1 13
127554 1 13
28223 1 13
29329 1 13
29859 1 13
31925 1 13
33809 1 13
34725 1 13
35369 1 13
37235 1 13
129441 1 13
40763 1 13
43711 1 13
44441 1 13
50211 1 13
50793 1 13
51695 1 13
56383 1 13
57813 1 13
57855 1 13
58747 1 13
60465 1 13
61227 1 13
61289 1 13
64683 1 13
65603 1 13
65697 1 13
67613 1 13
68897 1 13
69125 1 13
69297 1 13
71007 1 13
72243 1 13
72825 1 13
72879 1 13
72945 1 13
73039 1 13
73417 1 13
136089 1 13
77193 1 13
77221 1 13
80313 1 13
80319 1 13
80605 1 13
81169 1 13
85005 1 13
89997 1 13
90071 1 13
90719 1 13
139134 1 13
93015 1 13
93971 1 13
94691 1 13
95247 1 13
95369 1 13
95703 1 13
96207 1 13
96313 1 13
96839 1 13
97827 1 13
97889 1 13
99883 1 13
140658 1 13
102129 1 13
104525 1 13
104571 1 13
105437 1 13
106671 1 13
107459 1 13
112329 1 13
112411 1 13
113147 1 13
113491 1 13
114049 1 13
114125 1 13
115853 1 13
116157 1 13
144690 1 13
117225 1 13
119047 1 13
119159 1 13
121399 1 13
5007 4 14 15 16 17
5531 4 14 15 16 17
7523 4 14 15 16 17
7527 4 14 15 16 17
124239 4 14 15 16 17
124443 4 14 15 16 17
8735 4 14 15 16 17
9719 4 14 15 16 17
11019 4 14 15 16 17
13553 4 14 15 16 17
16761 4 14 15 16 17
22485 4 14 15 16 17
23971 4 14 15 16 17
25893 4 14 15 16 17
27695 4 14 15 16 17
29361 4 14 15 16 17
30757 4 14 15 16 17
34339 4 14 15 16 17
128685 4 14 15 16 17
35231 4 14 15 16 17
41083 4 14 15 16 17
42827 4 14 15 16 17
43319 4 14 15 16 17
43885 4 14 15 16 17
44657 4 14 15 16 17
50239 4 14 15 16 17
51139 4 14 15 16 17
132459 4 14 15 16 17
59615 4 14 15 16 17
60549 4 14 15 16 17
70159 4 14 15 16 17
135153 4 14 15 16 17
136281 4 14 15 16 17
80987 4 14 15 16 17
81815 4 14 15 16 17
87855 4 14 15 16 17
89025 4 14 15 16 17
90373 4 14 15 16 17
93483 4 14 15 16 17
96201 4 14 15 16 17
100151 4 14 15 16 17
100789 4 14 15 16 17
141387 4 14 15 16 17
112981 4 14 15 16 17
114667 4 14 15 16 17
114765 4 14 15 16 17
116107 4 14 15 16 17
119749 4 14 15 16 17
7613 2 15 16
15507 2 15 16
22411 2 15 16
51865 2 15 16
65619 2 15 16
78637 2 15 16
94453 2 15 16
97211 2 15 16
101089 2 15 16
113899 2 15 16
118083 2 15 16
19177 1 16
20975 1 16
51391 1 16
52667 1 16
80747 1 16
112107 1 16
2655 1 17
6175 1 17
8051 1 17
8285 1 17
124560 1 17
10615 1 17
125151 1 17
125199 1 17
23061 1 17
25855 1 17
27623 1 17
29229 1 17
32035 1 17
32517 1 17
33229 1 17
40317 1 17
45693 1 17
46537 1 17
52475 1 17
58513 1 17
58559 1 17
59867 1 17
72775 1 17
135519 1 17
79477 1 17
80353 1 17
80427 1 17
87349 1 17
87557 1 17
139113 1 17
105905 1 17
117853 1 17
120529 1 17
1983 4 18 19 20 21
5217 4 18 19 20 21
6371 4 18 19 20 21
7245 4 18 19 20 21
8621 4 18 19 20 21
124494 4 18 19 20 21
124644 4 18 19 20 21
10137 4 18 19 20 21
10505 4 18 19 20 21
11025 4 18 19 20 21
13065 4 18 19 20 21
15321 4 18 19 20 21
15839 4 18 19 20 21
18275 4 18 19 20 21
126105 4 18 19 20 21
21401 4 18 19 20 21
25625 4 18 19 20 21
25917 4 18 19 20 21
27539 4 18 19 20 21
27905 4 18 19 20 21
27935 4 18 19 20 21
27959 4 18 19 20 21
29345 4 18 19 20 21
30729 4 18 19 20 21
31003 4 18 19 20 21
31007 4 18 19 20 21
31027 4 18 19 20 21
32071 4 18 19 20 21
147011 4 18 19 20 21
33707 4 18 19 20 21
37073 4 18 19 20 21
39255 4 18 19 20 21
39903 4 18 19 20 21
43923 4 18 19 20 21
44383 4 18 19 20 21
46507 4 18 19 20 21
49239 4 18 19 20 21
49935 4 18 19 20 21
131502 4 18 19 20 21
131595 4 18 19 20 21
52313 4 18 19 20 21
55503 4 18 19 20 21
55813 4 18 19 20 21
56281 4 18 19 20 21
57065 4 18 19 20 21
62609 4 18 19 20 21
62925 4 18 19 20 21
62947 4 18 19 20 21
64839 4 18 19 20 21
65165 4 18 19 20 21
65705 4 18 19 20 21
133800 4 18 19 20 21
69079 4 18 19 20 21
69161 4 18 19 20 21
69533 4 18 19 20 21
70329 4 18 19 20 21
72593 4 18 19 20 21
74667 4 18 19 20 21
74765 4 18 19 20 21
75499 4 18 19 20 21
75745 4 18 19 20 21
75995 4 18 19 20 21
76593 4 18 19 20 21
77199 4 18 19 20 21
78517 4 18 19 20 21
80865 4 18 19 20 21
80975 4 18 19 20 21
81499 4 18 19 20 21
81905 4 18 19 20 21
81995 4 18 19 20 21
84361 4 18 19 20 21
84587 4 18 19 20 21
85151 4 18 19 20 21
85267 4 18 19 20 21
85419 4 18 19 20 21
88327 4 18 19 20 21
89253 4 18 19 20 21
138648 4 18 19 20 21
89919 4 18 19 20 21
90103 4 18 19 20 21
91163 4 18 19 20 21
92335 4 18 19 20 21
94989 4 18 19 20 21
139815 4 18 19 20 21
97557 4 18 19 20 21
99543 4 18 19 20 21
101353 4 18 19 20 21
101583 4 18 19 20 21
102103 4 18 19 20 21
103819 4 18 19 20 21
107221 4 18 19 20 21
142497 4 18 19 20 21
110303 4 18 19 20 21
110997 4 18 19 20 21
111269 4 18 19 20 21
112429 4 18 19 20 21
115673 4 18 19 20 21
115749 4 18 19 20 21
116065 4 18 19 20 21
117451 4 18 19 20 21
117965 4 18 19 20 21
118703 4 18 19 20 21
121453 4 18 19 20 21
26811 3 19 20 21
3297 1 19
37115 1 19
40647 1 19
43659 1 19
52617 1 19
55997 1 19
147979 1 19
111687 1 19
114193 1 19
1239 2 20 21
27587 2 20 21
52069 2 20 21
76431 2 20 21
103689 2 20 21
113309 2 20 21
26911 1 21
28497 1 21
33021 1 21
59889 1 21
61431 1 21
62463 1 21
62829 1 21
66971 1 21
100197 1 21
111355 1 21
5016 42 22 23 24 25 26 27 28 29 30 31 32 33 34 35 36 37 38 39 40 41 42 43 44 45 46 47 48 49 50 51 52 53 54 55 56 57 58 59 60 61 62 63
6924 42 22 23 24 25 26 27 28 29 30 31 32 33 34 35 36 37 38 39 40 41 42 43 44 45 46 47 48 49 50 51 52 53 54 55 56 57 58 59 60 61 62 63
8262 42 22 23 24 25 26 27 28 29 30 31 32 33 34 35 36 37 38 39 40 41 42 43 44 45 46 47 48 49 50 51 52 53 54 55 56 57 58 59 60 61 62 63
124781 42 22 23 24 25 26 27 28 29 30 31 32 33 34 35 36 37 38 39 40 41 42 43 44 45 46 47 48 49 50 51 52 53 54 55 56 57 58 59 60 61 62 63
11518 42 22 23 24 25 26 27 28 29 30 31 32 33 34 35 36 37 38 39 40 41 42 43 44 45 46 47 48 49 50 51 52 53 54 55 56 57 58 59 60 61 62 63
13008 42 22 23 24 25 26 27 28 29 30 31 32 33 34 35 36 37 38 39 40 41 42 43 44 45 46 47 48 49 50 51 52 53 54 55 56 57 58 59 60 61 62 63
14568 42 22 23 24 25 26 27 28 29 30 31 32 33 34 35 36 37 38 39 40 41 42 43 44 45 46 47 48 49 50 51 52 53 54 55 56 57 58 59 60 61 62 63
14580 42 22 23 24 25 26 27 28 29 30 31 32 33 34 35 36 37 38 39 40 41 42 43 44 45 46 47 48 49 50 51 52 53 54 55 56 57 58 59 60 61 62 63
14738 42 22 23 24 25 26 27 28 29 30 31 32 33 34 35 36 37 38 39 40 41 42 43 44 45 46 47 48 49 50 51 52 53 54 55 56 57 58 59 60 61 62 63
15212 42 22 23 24 25 26 27 28 29 30 31 32 33 34 35 36 37 38 39 40 41 42 43 44 45 46 47 48 49 50 51 52 53 54 55 56 57 58 59 60 61 62 63
16042 42 22 23 24 25 26 27 28 29 30 31 32 33 34 35 36 37 38 39 40 41 42 43 44 45 46 47 48 49 50 51 52 53 54 55 56 57 58 59 60 61 62 63
16798 42 22 23 24 25 26 27 28 29 30 31 32 33 34 35 36 37 38 39 40 41 42 43 44 45 46 47 48 49 50 51 52 53 54 55 56 57 58 59 60 61 62 63
17262 42 22 23 24 25 26 27 28 29 30 31 32 33 34 35 36 37 38 39 40 41 42 43 44 45 46 47 48 49 50 51 52 53 54 55 56 57 58 59 60 61 62 63
18972 42 22 23 24 25 26 27 28 29 30 31 32 33 34 35 36 37 38 39 40 41 42 43 44 45 46 47 48 49 50 51 52 53 54 55 56 57 58 59 60 61 62 63
21544 42 22 23 24 25 26 27 28 29 30 31 32 33 34 35 36 37 38 39 40 41 42 43 44 45 46 47 48 49 50 51 52 53 54 55 56 57 58 59 60 61 62 63
21964 42 22 23 24 25 26 27 28 29 30 31 32 33 34 35 36 37 38 39 40 41 42 43 44 45 46 47 48 49 50 51 52 53 54 55 56 57 58 59 60 61 62 63
26866 42 22 23 24 25 26 27 28 29 30 31 32 33 34 35 36 37 38 39 40 41 42 43 44 45 46 47 48 49 50 51 52 53 54 55 56 57 58 59 60 61 62 63
28250 42 22 23 24 25 26 27 28 29 30 31 32 33 34 35 36 37 38 39 40 41 42 43 44 45 46 47 48 49 50 51 52 53 54 55 56 57 58 59 60 61 62 63
29024 42 22 23 24 25 26 27 28 29 30 31 32 33 34 35 36 37 38 39 40 41 42 43 44 45 46 47 48 49 50 51 52 53 54 55 56 57 58 59 60 61 62 63
29812 42 22 23 24 25 26 27 28 29 30 31 32 33 34 35 36 37 38 39 40 41 42 43 44 45 46 47 48 49 50 51 52 53 54 55 56 57 58 59 60 61 62 63
30730 42 22 23 24 25 26 27 28 29 30 31 32 33 34 35 36 37 38 39 40 41 42 43 44 45 46 47 48 49 50 51 52 53 54 55 56 57 58 59 60 61 62 63
32770 42 22 23 24 25 26 27 28 29 30 31 32 33 34 35 36 37 38 39 40 41 42 43 44 45 46 47 48 49 50 51 52 53 54 55 56 57 58 59 60 61 62 63
33284 42 22 23 24 25 26 27 28 29 30 31 32 33 34 35 36 37 38 39 40 41 42 43 44 45 46 47 48 49 50 51 52 53 54 55 56 57 58 59 60 61 62 63
33356 42 22 23 24 25 26 27 28 29 30 31 32 33 34 35 36 37 38 39 40 41 42 43 44 45 46 47 48 49 50 51 52 53 54 55 56 57 58 59 60 61 62 63
34254 42 22 23 24 25 26 27 28 29 30 31 32 33 34 35 36 37 38 39 40 41 42 43 44 45 46 47 48 49 50 51 52 53 54 55 56 57 58 59 60 61 62 63
39816 42 22 23 24 25 26 27 28 29 30 31 32 33 34 35 36 37 38 39 40 41 42 43 44 45 46 47 48 49 50 51 52 53 54 55 56 57 58 59 60 61 62 63
43166 42 22 23 24 25 26 27 28 29 30 31 32 33 34 35 36 37 38 39 40 41 42 43 44 45 46 47 48 49 50 51 52 53 54 55 56 57 58 59 60 61 62 63
44660 42 22 23 24 25 26 27 28 29 30 31 32 33 34 35 36 37 38 39 40 41 42 43 44 45 46 47 48 49 50 51 52 53 54 55 56 57 58 59 60 61 62 63
131228 42 22 23 24 25 26 27 28 29 30 31 32 33 34 35 36 37 38 39 40 41 42 43 44 45 46 47 48 49 50 51 52 53 54 55 56 57 58 59 60 61 62 63
131291 42 22 23 24 25 26 27 28 29 30 31 32 33 34 35 36 37 38 39 40 41 42 43 44 45 46 47 48 49 50 51 52 53 54 55 56 57 58 59 60 61 62 63
53416 42 22 23 24 25 26 27 28 29 30 31 32 33 34 35 36 37 38 39 40 41 42 43 44 45 46 47 48 49 50 51 52 53 54 55 56 57 58 59 60 61 62 63
59214 42 22 23 24 25 26 27 28 29 30 31 32 33 34 35 36 37 38 39 40 41 42 43 44 45 46 47 48 49 50 51 52 53 54 55 56 57 58 59 60 61 62 63
64936 42 22 23 24 25 26 27 28 29 30 31 32 33 34 35 36 37 38 39 40 41 42 43 44 45 46 47 48 49 50 51 52 53 54 55 56 57 58 59 60 61 62 63
66786 42 22 23 24 25 26 27 28 29 30 31 32 33 34 35 36 37 38 39 40 41 42 43 44 45 46 47 48 49 50 51 52 53 54 55 56 57 58 59 60 61 62 63
67128 42 22 23 24 25 26 27 28 29 30 31 32 33 34 35 36 37 38 39 40 41 42 43 44 45 46 47 48 49 50 51 52 53 54 55 56 57 58 59 60 61 62 63
67818 42 22 23 24 25 26 27 28 29 30 31 32 33 34 35 36 37 38 39 40 41 42 43 44 45 46 47 48 49 50 51 52 53 54 55 56 57 58 59 60 61 62 63
134270 42 22 23 24 25 26 27 28 29 30 31 32 33 34 35 36 37 38 39 40 41 42 43 44 45 46 47 48 49 50 51 52 53 54 55 56 57 58 59 60 61 62 63
69044 42 22 23 24 25 26 27 28 29 30 31 32 33 34 35 36 37 38 39 40 41 42 43 44 45 46 47 48 49 50 51 52 53 54 55 56 57 58 59 60 61 62 63
136265 42 22 23 24 25 26 27 28 29 30 31 32 33 34 35 36 37 38 39 40 41 42 43 44 45 46 47 48 49 50 51 52 53 54 55 56 57 58 59 60 61 62 63
136301 42 22 23 24 25 26 27 28 29 30 31 32 33 34 35 36 37 38 39 40 41 42 43 44 45 46 47 48 49 50 51 52 53 54 55 56 57 58 59 60 61 62 63
78632 42 22 23 24 25 26 27 28 29 30 31 32 33 34 35 36 37 38 39 40 41 42 43 44 45 46 47 48 49 50 51 52 53 54 55 56 57 58 59 60 61 62 63
80550 42 22 23 24 25 26 27 28 29 30 31 32 33 34 35 36 37 38 39 40 41 42 43 44 45 46 47 48 49 50 51 52 53 54 55 56 57 58 59 60 61 62 63
81312 42 22 23 24 25 26 27 28 29 30 31 32 33 34 35 36 37 38 39 40 41 42 43 44 45 46 47 48 49 50 51 52 53 54 55 56 57 58 59 60 61 62 63
83654 42 22 23 24 25 26 27 28 29 30 31 32 33 34 35 36 37 38 39 40 41 42 43 44 45 46 47 48 49 50 51 52 53 54 55 56 57 58 59 60 61 62 63
83856 42 22 23 24 25 26 27 28 29 30 31 32 33 34 35 36 37 38 39 40 41 42 43 44 45 46 47 48 49 50 51 52 53 54 55 56 57 58 59 60 61 62 63
84050 42 22 23 24 25 26 27 28 29 30 31 32 33 34 35 36 37 38 39 40 41 42 43 44 45 46 47 48 49 50 51 52 53 54 55 56 57 58 59 60 61 62 63
84368 42 22 23 24 25 26 27 28 29 30 31 32 33 34 35 36 37 38 39 40 41 42 43 44 45 46 47 48 49 50 51 52 53 54 55 56 57 58 59 60 61 62 63
84446 42 22 23 24 25 26 27 28 29 30 31 32 33 34 35 36 37 38 39 40 41 42 43 44 45 46 47 48 49 50 51 52 53 54 55 56 57 58 59 60 61 62 63
85998 42 22 23 24 25 26 27 28 29 30 31 32 33 34 35 36 37 38 39 40 41 42 43 44 45 46 47 48 49 50 51 52 53 54 55 56 57 58 59 60 61 62 63
88564 42 22 23 24 25 26 27 28 29 30 31 32 33 34 35 36 37 38 39 40 41 42 43 44 45 46 47 48 49 50 51 52 53 54 55 56 57 58 59 60 61 62 63
92596 42 22 23 24 25 26 27 28 29 30 31 32 33 34 35 36 37 38 39 40 41 42 43 44 45 46 47 48 49 50 51 52 53 54 55 56 57 58 59 60 61 62 63
94594 42 22 23 24 25 26 27 28 29 30 31 32 33 34 35 36 37 38 39 40 41 42 43 44 45 46 47 48 49 50 51 52 53 54 55 56 57 58 59 60 61 62 63
97754 42 22 23 24 25 26 27 28 29 30 31 32 33 34 35 36 37 38 39 40 41 42 43 44 45 46 47 48 49 50 51 52 53 54 55 56 57 58 59 60 61 62 63
101244 42 22 23 24 25 26 27 28 29 30 31 32 33 34 35 36 37 38 39 40 41 42 43 44 45 46 47 48 49 50 51 52 53 54 55 56 57 58 59 60 61 62 63
101990 42 22 23 24 25 26 27 28 29 30 31 32 33 34 35 36 37 38 39 40 41 42 43 44 45 46 47 48 49 50 51 52 53 54 55 56 57 58 59 60 61 62 63
102196 42 22 23 24 25 26 27 28 29 30 31 32 33 34 35 36 37 38 39 40 41 42 43 44 45 46 47 48 49 50 51 52 53 54 55 56 57 58 59 60 61 62 63
110120 42 22 23 24 25 26 27 28 29 30 31 32 33 34 35 36 37 38 39 40 41 42 43 44 45 46 47 48 49 50 51 52 53 54 55 56 57 58 59 60 61 62 63
110486 42 22 23 24 25 26 27 28 29 30 31 32 33 34 35 36 37 38 39 40 41 42 43 44 45 46 47 48 49 50 51 52 53 54 55 56 57 58 59 60 61 62 63
112282 42 22 23 24 25 26 27 28 29 30 31 32 33 34 35 36 37 38 39 40 41 42 43 44 45 46 47 48 49 50 51 52 53 54 55 56 57 58 59 60 61 62 63
112376 42 22 23 24 25 26 27 28 29 30 31 32 33 34 35 36 37 38 39 40 41 42 43 44 45 46 47 48 49 50 51 52 53 54 55 56 57 58 59 60 61 62 63
112788 42 22 23 24 25 26 27 28 29 30 31 32 33 34 35 36 37 38 39 40 41 42 43 44 45 46 47 48 49 50 51 52 53 54 55 56 57 58 59 60 61 62 63
115440 42 22 23 24 25 26 27 28 29 30 31 32 33 34 35 36 37 38 39 40 41 42 43 44 45 46 47 48 49 50 51 52 53 54 55 56 57 58 59 60 61 62 63
116320 42 22 23 24 25 26 27 28 29 30 31 32 33 34 35 36 37 38 39 40 41 42 43 44 45 46 47 48 49 50 51 52 53 54 55 56 57 58 59 60 61 62 63
118116 42 22 23 24 25 26 27 28 29 30 31 32 33 34 35 36 37 38 39 40 41 42 43 44 45 46 47 48 49 50 51 52 53 54 55 56 57 58 59 60 61 62 63
121950 42 22 23 24 25 26 27 28 29 30 31 32 33 34 35 36 37 38 39 40 41 42 43 44 45 46 47 48 49 50 51 52 53 54 55 56 57 58 59 60 61 62 63
146355 9 23 24 25 26 27 28 29 30 31
2223 9 23 24 25 26 27 28 29 30 31
124548 9 23 24 25 26 27 28 29 30 31
19533 9 23 24 25 26 27 28 29 30 31
25493 9 23 24 25 26 27 28 29 30 31
26023 9 23 24 25 26 27 28 29 30 31
34531 9 23 24 25 26 27 28 29 30 31
38733 9 23 24 25 26 27 28 29 30 31
39887 9 23 24 25 26 27 28 29 30 31
50647 9 23 24 25 26 27 28 29 30 31
55677 9 23 24 25 26 27 28 29 30 31
56047 9 23 24 25 26 27 28 29 30 31
60559 9 23 24 25 26 27 28 29 30 31
60887 9 23 24 25 26 27 28 29 30 31
61529 9 23 24 25 26 27 28 29 30 31
61697 9 23 24 25 26 27 28 29 30 31
62301 9 23 24 25 26 27 28 29 30 31
64819 9 23 24 25 26 27 28 29 30 31
72257 9 23 24 25 26 27 28 29 30 31
73343 9 23 24 25 26 27 28 29 30 31
75063 9 23 24 25 26 27 28 29 30 31
77887 9 23 24 25 26 27 28 29 30 31
81005 9 23 24 25 26 27 28 29 30 31
83933 9 23 24 25 26 27 28 29 30 31
90765 9 23 24 25 26 27 28 29 30 31
91633 9 23 24 25 26 27 28 29 30 31
95137 9 23 24 25 26 27 28 29 30 31
99447 9 23 24 25 26 27 28 29 30 31
104473 9 23 24 25 26 27 28 29 30 31
106821 9 23 24 25 26 27 28 29 30 31
107299 9 23 24 25 26 27 28 29 30 31
109131 9 23 24 25 26 27 28 29 30 31
113617 9 23 24 25 26 27 28 29 30 31
145227 9 23 24 25 26 27 28 29 30 31
119627 9 23 24 25 26 27 28 29 30 31
121021 9 23 24 25 26 27 28 29 30 31
3711 4 24 25 26 27
15125 4 24 25 26 27
17231 4 24 25 26 27
33559 4 24 25 26 27
51535 4 24 25 26 27
52817 4 24 25 26 27
58271 4 24 25 26 27
59241 4 24 25 26 27
72449 4 24 25 26 27
72831 4 24 25 26 27
135969 4 24 25 26 27
81571 4 24 25 26 27
83799 4 24 25 26 27
87379 4 24 25 26 27
88415 4 24 25 26 27
89777 4 24 25 26 27
110435 4 24 25 26 27
144180 4 24 25 26 27
115831 4 24 25 26 27
123315 1 25
123522 1 25
6163 1 25
124149 1 25
8313 1 25
12749 1 25
15785 1 25
16795 1 25
16879 1 25
127596 1 25
29441 1 25
35391 1 25
38351 1 25
43493 1 25
56439 1 25
76847 1 25
77001 1 25
78607 1 25
84989 1 25
85907 1 25
93397 1 25
94315 1 25
139839 1 25
101295 1 25
105427 1 25
108811 1 25
113669 1 25
144051 1 25
116025 1 25
847 1 26
1649 1 26
3911 1 26
5919 1 26
8851 1 26
10465 1 26
11279 1 26
12985 1 26
14645 1 26
15721 1 26
17069 1 26
17815 1 26
22723 1 26
26267 1 26
127371 1 26
27895 1 26
28155 1 26
28229 1 26
29965 1 26
30167 1 26
30189 1 26
32547 1 26
33807 1 26
34375 1 26
34397 1 26
34761 1 26
35613 1 26
38875 1 26
40229 1 26
40289 1 26
43123 1 26
43215 1 26
49101 1 26
49847 1 26
50339 1 26
51323 1 26
51499 1 26
52585 1 26
56003 1 26
60173 1 26
61327 1 26
69329 1 26
71883 1 26
76043 1 26
79251 1 26
79367 1 26
87563 1 26
138393 1 26
89355 1 26
90035 1 26
95479 1 26
97341 1 26
101081 1 26
108845 1 26
142599 1 26
112929 1 26
113585 1 26
113633 1 26
115183 1 26
116181 1 26
117479 1 26
117505 1 26
118175 1 26
121637 1 26
3783 1 27
5635 1 27
5777 1 27
146387 1 27
10249 1 27
23541 1 27
27267 1 27
33187 1 27
41777 1 27
43835 1 27
50519 1 27
55719 1 27
56503 1 27
57107 1 27
67899 1 27
69207 1 27
70387 1 27
73415 1 27
81083 1 27
84867 1 27
89209 1 27
89477 1 27
89649 1 27
90385 1 27
92081 1 27
94587 1 27
95741 1 27
99663 1 27
103805 1 27
110077 1 27
148719 1 27
115363 1 27
115781 1 27
117419 1 27
3203 2 28 29
12841 2 28 29
125133 2 28 29
125139 2 28 29
126870 2 28 29
25411 2 28 29
30021 2 28 29
31039 2 28 29
56727 2 28 29
75523 2 28 29
2597 1 29
10491 1 29
16557 1 29
18457 1 29
25589 1 29
28165 1 29
29503 1 29
35763 1 29
39241 1 29
40827 1 29
52449 1 29
61393 1 29
64081 1 29
77879 1 29
80125 1 29
81059 1 29
137499 1 29
137508 1 29
99815 1 29
100143 1 29
141306 1 29
142815 1 29
112395 1 29
116497 1 29
118759 1 29
119359 1 29
119981 1 29
169 1 30
755 1 30
1141 1 30
123444 1 30
3655 1 30
5543 1 30
6533 1 30
6937 1 30
9107 1 30
10027 1 30
10365 1 30
11523 1 30
12765 1 30
13327 1 30
14859 1 30
19563 1 30
20771 1 30
21197 1 30
21373 1 30
22453 1 30
126774 1 30
26305 1 30
28931 1 30
30879 1 30
30971 1 30
33695 1 30
34801 1 30
37039 1 30
38953 1 30
43475 1 30
44001 1 30
44117 1 30
49041 1 30
49297 1 30
51583 1 30
52427 1 30
53519 1 30
131820 1 30
56561 1 30
57169 1 30
57267 1 30
57323 1 30
57957 1 30
58709 1 30
60703 1 30
66201 1 30
147623 1 30
69569 1 30
69631 1 30
70531 1 30
74391 1 30
75783 1 30
135891 1 30
80305 1 30
81839 1 30
83495 1 30
83577 1 30
85275 1 30
89659 1 30
92231 1 30
92689 1 30
139593 1 30
139701 1 30
97351 1 30
140589 1 30
140598 1 30
100353 1 30
101051 1 30
101541 1 30
101961 1 30
106643 1 30
106655 1 30
106917 1 30
108445 1 30
108971 1 30
112801 1 30
113945 1 30
114561 1 30
115429 1 30
116461 1 30
117205 1 30
119773 1 30
120683 1 30
2077 1 31
3373 1 31
3483 1 31
5229 1 31
14289 1 31
15891 1 31
125601 1 31
125928 1 31
19013 1 31
22349 1 31
23125 1 31
25957 1 31
30029 1 31
32243 1 31
34039 1 31
35371 1 31
37543 1 31
38387 1 31
39789 1 31
39985 1 31
43045 1 31
43147 1 31
50063 1 31
131193 1 31
52323 1 31
52543 1 31
56763 1 31
57003 1 31
61089 1 31
61193 1 31
62867 1 31
72019 1 31
75117 1 31
81027 1 31
85253 1 31
86039 1 31
88867 1 31
88931 1 31
95679 1 31
105453 1 31
110759 1 31
117841 1 31
121293 1 31
1661 6 32 33 34 35 36 37
4007 6 32 33 34 35 36 37
7053 6 32 33 34 35 36 37
7673 6 32 33 34 35 36 37
10845 6 32 33 34 35 36 37
11187 6 32 33 34 35 36 37
12421 6 32 33 34 35 36 37
16007 6 32 33 34 35 36 37
16857 6 32 33 34 35 36 37
17001 6 32 33 34 35 36 37
21089 6 32 33 34 35 36 37
21413 6 32 33 34 35 36 37
21487 6 32 33 34 35 36 37
22363 6 32 33 34 35 36 37
32881 6 32 33 34 35 36 37
37829 6 32 33 34 35 36 37
38647 6 32 33 34 35 36 37
38659 6 32 33 34 35 36 37
39099 6 32 33 34 35 36 37
42407 6 32 33 34 35 36 37
44395 6 32 33 34 35 36 37
130425 6 32 33 34 35 36 37
46069 6 32 33 34 35 36 37
46177 6 32 33 34 35 36 37
49567 6 32 33 34 35 36 37
50243 6 32 33 34 35 36 37
131310 6 32 33 34 35 36 37
131349 6 32 33 34 35 36 37
56679 6 32 33 34 35 36 37
56683 6 32 33 34 35 36 37
58901 6 32 33 34 35 36 37
59435 6 32 33 34 35 36 37
59739 6 32 33 34 35 36 37
61615 6 32 33 34 35 36 37
62785 6 32 33 34 35 36 37
63533 6 32 33 34 35 36 37
66091 6 32 33 34 35 36 37
67319 6 32 33 34 35 36 37
68893 6 32 33 34 35 36 37
134469 6 32 33 34 35 36 37
134658 6 32 33 34 35 36 37
70189 6 32 33 34 35 36 37
70423 6 32 33 34 35 36 37
70789 6 32 33 34 35 36 37
71849 6 32 33 34 35 36 37
135942 6 32 33 34 35 36 37
79189 6 32 33 34 35 36 37
83535 6 32 33 34 35 36 37
85601 6 32 33 34 35 36 37
86001 6 32 33 34 35 36 37
88985 6 32 33 34 35 36 37
89437 6 32 33 34 35 36 37
94129 6 32 33 34 35 36 37
94623 6 32 33 34 35 36 37
95205 6 32 33 34 35 36 37
95399 6 32 33 34 35 36 37
99835 6 32 33 34 35 36 37
107149 6 32 33 34 35 36 37
107181 6 32 33 34 35 36 37
111909 6 32 33 34 35 36 37
113203 6 32 33 34 35 36 37
114119 6 32 33 34 35 36 37
116995 6 32 33 34 35 36 37
117381 6 32 33 34 35 36 37
118043 6 32 33 34 35 36 37
119525 6 32 33 34 35 36 37
145533 6 32 33 34 35 36 37
121095 6 32 33 34 35 36 37
121387 6 32 33 34 35 36 37
121883 6 32 33 34 35 36 37
9773 2 33 34
9983 2 33 34
12813 2 33 34
17847 2 33 34
28109 2 33 34
43833 2 33 34
45811 2 33 34
73471 2 33 34
78031 2 33 34
80391 2 33 34
90733 2 33 34
90737 2 33 34
148223 2 33 34
98007 2 33 34
99599 2 33 34
142491 2 33 34
114927 2 33 34
1097 1 34
7447 1 34
14111 1 34
18471 1 34
19019 1 34
22597 1 34
25439 1 34
127212 1 34
28113 1 34
30099 1 34
31141 1 34
40731 1 34
41839 1 34
43951 1 34
44133 1 34
45837 1 34
47015 1 34
53125 1 34
60609 1 34
69761 1 34
80307 1 34
81227 1 34
88787 1 34
139236 1 34
141063 1 34
111979 1 34
117085 1 34
2743 3 35 36 37
6739 3 35 36 37
124839 3 35 36 37
10759 3 35 36 37
15155 3 35 36 37
16569 3 35 36 37
39779 3 35 36 37
42953 3 35 36 37
132966 3 35 36 37
67549 3 35 36 37
67785 3 35 36 37
134667 3 35 36 37
84203 3 35 36 37
85081 3 35 36 37
93995 3 35 36 37
119019 3 35 36 37
59 1 36
11771 1 36
28961 1 36
30053 1 36
38903 1 36
51337 1 36
131823 1 36
75539 1 36
75977 1 36
76723 1 36
83977 1 36
138087 1 36
90795 1 36
99965 1 36
101597 1 36
102445 1 36
120837 1 36
121301 1 36
371 1 37
3515 1 37
10181 1 37
13249 1 37
125925 1 37
18807 1 37
21385 1 37
126795 1 37
26187 1 37
28525 1 37
36351 1 37
50929 1 37
58971 1 37
59139 1 37
134289 1 37
81275 1 37
88793 1 37
94513 1 37
97183 1 37
102313 1 37
107173 1 37
144867 1 37
123084 9 38 39 40 41 42 43 44 45 46
6125 9 38 39 40 41 42 43 44 45 46
15555 9 38 39 40 41 42 43 44 45 46
16257 9 38 39 40 41 42 43 44 45 46
20269 9 38 39 40 41 42 43 44 45 46
21765 9 38 39 40 41 42 43 44 45 46
21899 9 38 39 40 41 42 43 44 45 46
22371 9 38 39 40 41 42 43 44 45 46
128106 9 38 39 40 41 42 43 44 45 46
32575 9 38 39 40 41 42 43 44 45 46
38851 9 38 39 40 41 42 43 44 45 46
130521 9 38 39 40 41 42 43 44 45 46
56459 9 38 39 40 41 42 43 44 45 46
70117 9 38 39 40 41 42 43 44 45 46
76569 9 38 39 40 41 42 43 44 45 46
85913 9 38 39 40 41 42 43 44 45 46
88757 9 38 39 40 41 42 43 44 45 46
94557 9 38 39 40 41 42 43 44 45 46
94559 9 38 39 40 41 42 43 44 45 46
100331 9 38 39 40 41 42 43 44 45 46
104387 9 38 39 40 41 42 43 44 45 46
143844 9 38 39 40 41 42 43 44 45 46
114017 9 38 39 40 41 42 43 44 45 46
115551 9 38 39 40 41 42 43 44 45 46
118193 9 38 39 40 41 42 43 44 45 46
118993 9 38 39 40 41 42 43 44 45 46
7181 1 39
23059 1 39
31487 1 39
31957 1 39
34909 1 39
37215 1 39
38167 1 39
39085 1 39
129654 1 39
43701 1 39
45625 1 39
46073 1 39
55597 1 39
57541 1 39
67453 1 39
137655 1 39
89829 1 39
102075 1 39
105495 1 39
111199 1 39
117903 1 39
4657 2 40 41
8169 2 40 41
9245 2 40 41
10179 2 40 41
13587 2 40 41
15157 2 40 41
20143 2 40 41
22767 2 40 41
126930 2 40 41
27271 2 40 41
27283 2 40 41
28809 2 40 41
29743 2 40 41
128694 2 40 41
38567 2 40 41
43445 2 40 41
47059 2 40 41
49207 2 40 41
49469 2 40 41
50033 2 40 41
51125 2 40 41
59841 2 40 41
60119 2 40 41
61569 2 40 41
68717 2 40 41
70709 2 40 41
75631 2 40 41
81015 2 40 41
81987 2 40 41
84791 2 40 41
87421 2 40 41
88889 2 40 41
88909 2 40 41
139230 2 40 41
94963 2 40 41
95549 2 40 41
97135 2 40 41
102167 2 40 41
108419 2 40 41
143184 2 40 41
111981 2 40 41
113475 2 40 41
113675 2 40 41
116309 2 40 41
117673 2 40 41
118241 2 40 41
119329 2 40 41
145296 2 40 41
121121 2 40 41
219 1 41
283 1 41
2495 1 41
5753 1 41
8625 1 41
11555 1 41
20423 1 41
126681 1 41
29053 1 41
30179 1 41
31177 1 41
35645 1 41
36557 1 41
38847 1 41
49233 1 41
49415 1 41
50451 1 41
56279 1 41
66837 1 41
67009 1 41
67621 1 41
69349 1 41
69519 1 41
78019 1 41
79315 1 41
80151 1 41
140175 1 41
103607 1 41
107481 1 41
110507 1 41
112179 1 41
113423 1 41
113651 1 41
325 1 42
12309 1 42
15585 1 42
22745 1 42
25901 1 42
30733 1 42
35325 1 42
46617 1 42
131055 1 42
132300 1 42
58171 1 42
58671 1 42
133791 1 42
136338 1 42
84959 1 42
90863 1 42
109931 1 42
119887 1 42
120861 1 42
121237 1 42
16493 4 43 44 45 46
127710 4 43 44 45 46
128724 4 43 44 45 46
70467 4 43 44 45 46
72747 4 43 44 45 46
100761 4 43 44 45 46
11601 1 44
23153 1 44
33413 1 44
33949 1 44
52871 1 44
58341 1 44
60447 1 44
60799 1 44
86489 1 44
90123 1 44
139008 1 44
118863 1 44
1577 2 45 46
9063 2 45 46
27477 2 45 46
29039 2 45 46
36941 2 45 46
45917 2 45 46
46827 2 45 46
130650 2 45 46
56043 2 45 46
67095 2 45 46
68923 2 45 46
83961 2 45 46
85697 2 45 46
138417 2 45 46
91027 2 45 46
97535 2 45 46
99521 2 45 46
120377 2 45 46
121789 2 45 46
15913 1 46
33049 1 46
130515 1 46
80165 1 46
120617 1 46
21391 6 47 48 49 50 51 52
28955 6 47 48 49 50 51 52
32901 6 47 48 49 50 51 52
128808 6 47 48 49 50 51 52
36915 6 47 48 49 50 51 52
38799 6 47 48 49 50 51 52
41011 6 47 48 49 50 51 52
45489 6 47 48 49 50 51 52
132384 6 47 48 49 50 51 52
60553 6 47 48 49 50 51 52
61069 6 47 48 49 50 51 52
133863 6 47 48 49 50 51 52
65987 6 47 48 49 50 51 52
80079 6 47 48 49 50 51 52
80213 6 47 48 49 50 51 52
81319 6 47 48 49 50 51 52
81537 6 47 48 49 50 51 52
84539 6 47 48 49 50 51 52
88405 6 47 48 49 50 51 52
94581 6 47 48 49 50 51 52
100687 6 47 48 49 50 51 52
110553 6 47 48 49 50 51 52
111427 6 47 48 49 50 51 52
112893 6 47 48 49 50 51 52
115971 6 47 48 49 50 51 52
148879 6 47 48 49 50 51 52
6833 4 48 49 50 51
9113 4 48 49 50 51
17863 4 48 49 50 51
17865 4 48 49 50 51
18699 4 48 49 50 51
26569 4 48 49 50 51
28927 4 48 49 50 51
30495 4 48 49 50 51
32713 4 48 49 50 51
49009 4 48 49 50 51
57417 4 48 49 50 51
59603 4 48 49 50 51
65631 4 48 49 50 51
67679 4 48 49 50 51
76963 4 48 49 50 51
80051 4 48 49 50 51
136857 4 48 49 50 51
148055 4 48 49 50 51
94293 4 48 49 50 51
95431 4 48 49 50 51
95875 4 48 49 50 51
101729 4 48 49 50 51
141888 4 48 49 50 51
110333 4 48 49 50 51
111881 4 48 49 50 51
119429 4 48 49 50 51
120873 4 48 49 50 51
10825 2 49 50
11001 2 49 50
124899 2 49 50
14917 2 49 50
20107 2 49 50
26973 2 49 50
35179 2 49 50
85659 2 49 50
88229 2 49 50
123105 1 50
123414 1 50
2483 1 50
3957 1 50
123870 1 50
5427 1 50
6167 1 50
7329 1 50
10511 1 50
13359 1 50
14837 1 50
16119 1 50
28361 1 50
28561 1 50
30391 1 50
31215 1 50
32991 1 50
35695 1 50
38447 1 50
40245 1 50
131259 1 50
53691 1 50
55995 1 50
56723 1 50
132480 1 50
58051 1 50
59289 1 50
63157 1 50
65735 1 50
69579 1 50
78027 1 50
79127 1 50
84379 1 50
85949 1 50
85953 1 50
89071 1 50
89077 1 50
89307 1 50
89551 1 50
90893 1 50
93993 1 50
142164 1 50
142998 1 50
111245 1 50
113769 1 50
118069 1 50
118985 1 50
761 1 51
123342 1 51
3971 1 51
5227 1 51
5267 1 51
7901 1 51
7935 1 51
10571 1 51
11459 1 51
12335 1 51
13921 1 51
14655 1 51
15789 1 51
20383 1 51
20513 1 51
24309 1 51
27075 1 51
29015 1 51
29069 1 51
34663 1 51
37553 1 51
39869 1 51
40865 1 51
129861 1 51
44591 1 51
44717 1 51
45809 1 51
130599 1 51
46709 1 51
131028 1 51
51819 1 51
61473 1 51
70551 1 51
73047 1 51
75619 1 51
75757 1 51
76505 1 51
79661 1 51
85365 1 51
138675 1 51
90339 1 51
91981 1 51
92261 1 51
92875 1 51
93039 1 51
93237 1 51
94519 1 51
140958 1 51
104441 1 51
110765 1 51
113511 1 51
113673 1 51
113987 1 51
144294 1 51
116267 1 51
116667 1 51
121315 1 51
27377 1 52
53207 1 52
60085 1 52
61415 1 52
107695 1 52
437 1 53
7131 1 53
9031 1 53
18755 1 53
22515 1 53
38475 1 53
42083 1 53
43517 1 53
51733 1 53
53699 1 53
57579 1 53
59901 1 53
61715 1 53
67911 1 53
68985 1 53
77941 1 53
80085 1 53
90999 1 53
98201 1 53
102613 1 53
106047 1 53
107421 1 53
143079 1 53
112925 1 53
118135 1 53
123135 5 54 55 56 57 58
4979 5 54 55 56 57 58
9945 5 54 55 56 57 58
10145 5 54 55 56 57 58
66809 5 54 55 56 57 58
84145 5 54 55 56 57 58
1811 2 55 56
16197 2 55 56
22045 2 55 56
23907 2 55 56
24033 2 55 56
27983 2 55 56
34465 2 55 56
39115 2 55 56
83703 2 55 56
91997 2 55 56
111991 2 55 56
144636 2 55 56
118207 2 55 56
2435 1 56
2515 1 56
3617 1 56
3887 1 56
4825 1 56
123867 1 56
124041 1 56
6249 1 56
6657 1 56
8273 1 56
10049 1 56
11219 1 56
125340 1 56
15703 1 56
18237 1 56
23707 1 56
24485 1 56
28081 1 56
29171 1 56
32683 1 56
34211 1 56
129042 1 56
38253 1 56
38461 1 56
40465 1 56
42275 1 56
42643 1 56
43687 1 56
130377 1 56
46891 1 56
49341 1 56
58625 1 56
59229 1 56
59561 1 56
132927 1 56
61819 1 56
62811 1 56
65439 1 56
133815 1 56
66779 1 56
135177 1 56
72645 1 56
74901 1 56
79369 1 56
80707 1 56
136905 1 56
81749 1 56
84481 1 56
88335 1 56
91043 1 56
91205 1 56
139335 1 56
139380 1 56
95427 1 56
104577 1 56
107435 1 56
110461 1 56
110499 1 56
111637 1 56
112611 1 56
113843 1 56
115681 1 56
115873 1 56
118641 1 56
118905 1 56
120815 1 56
5281 1 57
6461 1 57
9131 1 57
9787 1 57
11515 1 57
17219 1 57
29853 1 57
30239 1 57
38657 1 57
44103 1 57
44241 1 57
58815 1 57
59325 1 57
59687 1 57
64835 1 57
76793 1 57
76861 1 57
80809 1 57
81215 1 57
88601 1 57
141408 1 57
109049 1 57
111209 1 57
143793 1 57
113121 1 57
115787 1 57
115915 1 57
117435 1 57
119291 1 57
121481 1 57
123129 1 58
5931 1 58
128145 1 58
36627 1 58
39965 1 58
42041 1 58
42649 1 58
7017 1 59
20563 1 59
22377 1 59
134043 1 59
80779 1 59
89491 1 59
91085 1 59
112793 1 59
116283 1 59
121287 1 59
7479 2 60 61
128052 2 60 61
32927 2 60 61
33913 2 60 61
60813 2 60 61
78305 2 60 61
88373 2 60 61
88753 2 60 61
106203 2 60 61
117103 2 60 61
2873 1 61
8299 1 61
9751 1 61
13143 1 61
15769 1 61
22957 1 61
23177 1 61
25481 1 61
29763 1 61
31103 1 61
34689 1 61
39619 1 61
39765 1 61
147223 1 61
45067 1 61
131485 1 61
132705 1 61
133677 1 61
71651 1 61
72229 1 61
76487 1 61
76865 1 61
81125 1 61
92971 1 61
139257 1 61
94113 1 61
95953 1 61
96015 1 61
141081 1 61
106963 1 61
112045 1 61
143634 1 61
144087 1 61
2184 2 62 63
2786 2 62 63
7212 2 62 63
8544 2 62 63
9892 2 62 63
11352 2 62 63
15728 2 62 63
25596 2 62 63
27258 2 62 63
27594 2 62 63
37452 2 62 63
51900 2 62 63
56090 2 62 63
62942 2 62 63
77110 2 62 63
79070 2 62 63
148162 2 62 63
96948 2 62 63
105900 2 62 63
111416 2 62 63
115058 2 62 63
115266 2 62 63
117820 2 62 63
119566 2 62 63
381 1 63
681 1 63
3473 1 63
4863 1 63
8419 1 63
8463 1 63
8995 1 63
11651 1 63
14799 1 63
24533 1 63
25599 1 63
31439 1 63
36403 1 63
36845 1 63
42257 1 63
43019 1 63
131424 1 63
52007 1 63
52603 1 63
132078 1 63
57337 1 63
64905 1 63
67771 1 63
76757 1 63
80969 1 63
83447 1 63
88247 1 63
88377 1 63
92065 1 63
105981 1 63
118725 1 63
3571 1 64
4593 1 64
4775 1 64
5299 1 64
5367 1 64
5559 1 64
5567 1 64
124023 1 64
6769 1 64
124125 1 64
10211 1 64
124893 1 64
11185 1 64
124938 1 64
125124 1 64
12969 1 64
13279 1 64
14485 1 64
14527 1 64
14641 1 64
14975 1 64
15119 1 64
15351 1 64
15377 1 64
125511 1 64
16047 1 64
17023 1 64
18777 1 64
18851 1 64
19109 1 64
19111 1 64
20261 1 64
21443 1 64
21639 1 64
22831 1 64
23893 1 64
26237 1 64
127573 1 64
28055 1 64
28871 1 64
30871 1 64
31045 1 64
32083 1 64
32815 1 64
33965 1 64
34301 1 64
34981 1 64
36901 1 64
37213 1 64
37295 1 64
37327 1 64
38869 1 64
39791 1 64
40393 1 64
40579 1 64
129918 1 64
42735 1 64
43575 1 64
45569 1 64
49431 1 64
49833 1 64
50083 1 64
50113 1 64
51179 1 64
131493 1 64
52551 1 64
53379 1 64
53381 1 64
55611 1 64
56645 1 64
57715 1 64
60421 1 64
62363 1 64
62367 1 64
62657 1 64
64781 1 64
65245 1 64
67165 1 64
70443 1 64
70973 1 64
135201 1 64
73223 1 64
135321 1 64
74425 1 64
74427 1 64
75109 1 64
75945 1 64
76443 1 64
136329 1 64
136566 1 64
79539 1 64
80145 1 64
80555 1 64
80745 1 64
81341 1 64
83415 1 64
84409 1 64
84879 1 64
87823 1 64
87947 1 64
88115 1 64
91275 1 64
139029 1 64
99349 1 64
140700 1 64
100255 1 64
140781 1 64
101031 1 64
102279 1 64
104613 1 64
104729 1 64
105923 1 64
107483 1 64
110027 1 64
110327 1 64
110481 1 64
111817 1 64
112173 1 64
112661 1 64
113667 1 64
144144 1 64
114675 1 64
114961 1 64
115559 1 64
144414 1 64
116131 1 64
116849 1 64
117291 1 64
117889 1 64
118613 1 64
119703 1 64
121017 1 64
121521 1 64
33487 1 65
35145 1 65
46309 1 65
132609 1 65
60195 1 65
124347 1 66
124818 1 66
126937 1 66
28235 1 66
35841 1 66
44325 1 66
44761 1 66
45009 1 66
58377 1 66
59823 1 66
69177 1 66
74461 1 66
147763 1 66
75319 1 66
138801 1 66
143964 1 66
121165 1 66
121909 1 66
1039 1 67
2233 1 67
6541 1 67
8679 1 67
8691 1 67
9419 1 67
11293 1 67
11595 1 67
14127 1 67
16725 1 67
18377 1 67
20811 1 67
21241 1 67
126624 1 67
24041 1 67
25837 1 67
26541 1 67
30845 1 67
32979 1 67
37037 1 67
38223 1 67
39111 1 67
129567 1 67
39989 1 67
129639 1 67
45913 1 67
46367 1 67
49857 1 67
51181 1 67
53407 1 67
56605 1 67
56969 1 67
60371 1 67
61647 1 67
62349 1 67
63627 1 67
69575 1 67
69725 1 67
147687 1 67
73127 1 67
74705 1 67
75369 1 67
76375 1 67
77017 1 67
80375 1 67
81075 1 67
89713 1 67
93395 1 67
93401 1 67
95381 1 67
95941 1 67
97837 1 67
140820 1 67
142419 1 67
110955 1 67
113879 1 67
114023 1 67
114185 1 67
144117 1 67
115789 1 67
117177 1 67
118517 1 67
119941 1 67
217 1 68
146275 1 68
263 1 68
673 1 68
685 1 68
1063 1 68
1641 1 68
1785 1 68
1787 1 68
123393 1 68
2089 1 68
2463 1 68
3495 1 68
123660 1 68
4441 1 68
4451 1 68
4865 1 68
4867 1 68
5899 1 68
5941 1 68
6043 1 68
6053 1 68
6073 1 68
7137 1 68
7441 1 68
7801 1 68
7879 1 68
8361 1 68
8543 1 68
9039 1 68
9207 1 68
9639 1 68
9815 1 68
9993 1 68
124701 1 68
11227 1 68
11465 1 68
11527 1 68
11751 1 68
12575 1 68
12641 1 68
125058 1 68
12667 1 68
12677 1 68
13159 1 68
13749 1 68
14067 1 68
14419 1 68
14571 1 68
14635 1 68
14747 1 68
15027 1 68
15049 1 68
15483 1 68
125565 1 68
15809 1 68
15945 1 68
16141 1 68
16153 1 68
16217 1 68
16511 1 68
16737 1 68
16871 1 68
16899 1 68
18103 1 68
18389 1 68
126090 1 68
19027 1 68
19439 1 68
19857 1 68
19921 1 68
20179 1 68
20229 1 68
126315 1 68
126321 1 68
20485 1 68
20685 1 68
20749 1 68
20895 1 68
21327 1 68
22253 1 68
22323 1 68
22645 1 68
22691 1 68
23169 1 68
23261 1 68
23943 1 68
24125 1 68
25525 1 68
25557 1 68
25661 1 68
26409 1 68
26621 1 68
26693 1 68
27129 1 68
27287 1 68
27955 1 68
127653 1 68
28367 1 68
28481 1 68
28807 1 68
29261 1 68
29263 1 68
29529 1 68
29577 1 68
29773 1 68
29839 1 68
30357 1 68
32063 1 68
32231 1 68
32345 1 68
32623 1 68
32739 1 68
32765 1 68
32797 1 68
33081 1 68
33117 1 68
128514 1 68
34381 1 68
128688 1 68
34463 1 68
35265 1 68
35357 1 68
35513 1 68
35615 1 68
128922 1 68
36451 1 68
36567 1 68
37021 1 68
37089 1 68
147111 1 68
129198 1 68
37961 1 68
37991 1 68
38245 1 68
38411 1 68
38427 1 68
129282 1 68
38821 1 68
39001 1 68
39449 1 68
129573 1 68
40147 1 68
40443 1 68
40513 1 68
40877 1 68
40889 1 68
41677 1 68
41763 1 68
41783 1 68
41899 1 68
41943 1 68
42077 1 68
42227 1 68
42249 1 68
42591 1 68
42871 1 68
43459 1 68
43677 1 68
130176 1 68
44007 1 68
44021 1 68
44079 1 68
130203 1 68
44203 1 68
44307 1 68
44431 1 68
44461 1 68
44467 1 68
44627 1 68
44883 1 68
44933 1 68
45037 1 68
45071 1 68
130356 1 68
130365 1 68
45385 1 68
45659 1 68
46083 1 68
46087 1 68
46183 1 68
46775 1 68
49025 1 68
49147 1 68
131049 1 68
49677 1 68
49961 1 68
50003 1 68
50009 1 68
147355 1 68
50471 1 68
50735 1 68
51215 1 68
51829 1 68
51839 1 68
52025 1 68
52161 1 68
52489 1 68
52609 1 68
52733 1 68
52821 1 68
52829 1 68
53025 1 68
53197 1 68
53213 1 68
53271 1 68
53349 1 68
53415 1 68
53455 1 68
53457 1 68
55491 1 68
56479 1 68
56659 1 68
56785 1 68
147419 1 68
57001 1 68
57157 1 68
132357 1 68
57247 1 68
57261 1 68
57983 1 68
58049 1 68
58155 1 68
58187 1 68
58811 1 68
58839 1 68
59037 1 68
59279 1 68
59343 1 68
59375 1 68
59527 1 68
59605 1 68
59819 1 68
59871 1 68
59945 1 68
60073 1 68
60651 1 68
61149 1 68
61513 1 68
61849 1 68
61939 1 68
61973 1 68
62821 1 68
63045 1 68
63103 1 68
133332 1 68
63333 1 68
63369 1 68
63421 1 68
64019 1 68
64117 1 68
64129 1 68
133635 1 68
64809 1 68
64929 1 68
65067 1 68
65113 1 68
65123 1 68
65961 1 68
66089 1 68
66153 1 68
66781 1 68
66979 1 68
67917 1 68
67941 1 68
68657 1 68
68739 1 68
68997 1 68
69043 1 68
69073 1 68
69183 1 68
69303 1 68
69417 1 68
134622 1 68
69771 1 68
70023 1 68
70075 1 68
70317 1 68
70369 1 68
70779 1 68
71773 1 68
72041 1 68
135117 1 68
72331 1 68
72501 1 68
73009 1 68
73413 1 68
74417 1 68
74613 1 68
74833 1 68
75179 1 68
75617 1 68
75789 1 68
75941 1 68
76577 1 68
76619 1 68
76687 1 68
76871 1 68
76987 1 68
77009 1 68
77143 1 68
78315 1 68
136326 1 68
78463 1 68
79089 1 68
79455 1 68
79595 1 68
80227 1 68
80323 1 68
80461 1 68
80463 1 68
80583 1 68
136779 1 68
80941 1 68
81149 1 68
81371 1 68
81469 1 68
81583 1 68
81593 1 68
81971 1 68
83957 1 68
84133 1 68
84239 1 68
84343 1 68
84431 1 68
84563 1 68
84619 1 68
84735 1 68
84933 1 68
85089 1 68
85099 1 68
85199 1 68
85231 1 68
85429 1 68
86159 1 68
86305 1 68
87489 1 68
87945 1 68
87969 1 68
88061 1 68
138408 1 68
88215 1 68
88379 1 68
88553 1 68
88661 1 68
88919 1 68
88991 1 68
89005 1 68
89553 1 68
89727 1 68
89807 1 68
89861 1 68
90029 1 68
90085 1 68
90095 1 68
90891 1 68
91047 1 68
91103 1 68
91273 1 68
91337 1 68
139038 1 68
91937 1 68
92467 1 68
92731 1 68
92855 1 68
148127 1 68
93163 1 68
94077 1 68
94199 1 68
94521 1 68
94671 1 68
94765 1 68
94937 1 68
139773 1 68
95639 1 68
95789 1 68
139908 1 68
96105 1 68
96135 1 68
96227 1 68
97179 1 68
97267 1 68
97429 1 68
140145 1 68
99439 1 68
99505 1 68
99561 1 68
99807 1 68
99931 1 68
99975 1 68
100093 1 68
100249 1 68
100415 1 68
140778 1 68
100721 1 68
100783 1 68
100803 1 68
100909 1 68
100965 1 68
101183 1 68
101299 1 68
141090 1 68
141294 1 68
102275 1 68
103631 1 68
104211 1 68
104255 1 68
105611 1 68
105675 1 68
105805 1 68
105811 1 68
105967 1 68
105985 1 68
106079 1 68
106229 1 68
106271 1 68
106827 1 68
106903 1 68
107637 1 68
107689 1 68
108455 1 68
108567 1 68
108847 1 68
142503 1 68
109163 1 68
109233 1 68
142896 1 68
142962 1 68
110595 1 68
110829 1 68
110895 1 68
111013 1 68
111333 1 68
111399 1 68
143364 1 68
143382 1 68
111993 1 68
112015 1 68
143616 1 68
112697 1 68
112709 1 68
113075 1 68
113185 1 68
113411 1 68
113543 1 68
113811 1 68
114217 1 68
114291 1 68
144201 1 68
144288 1 68
115283 1 68
148763 1 68
116333 1 68
116353 1 68
116585 1 68
116675 1 68
117247 1 68
117331 1 68
117369 1 68
117615 1 68
117891 1 68
117909 1 68
117975 1 68
118665 1 68
118955 1 68
119027 1 68
119237 1 68
119453 1 68
119605 1 68
119609 1 68
120093 1 68
120117 1 68
120203 1 68
145479 1 68
120297 1 68
120309 1 68
120777 1 68
121629 1 68
122075 1 68
122077 1 68
122081 1 68
122265 1 68
